%"N","Time","avg(X)","avg(Y)","avg(Z)","avg(radHeatFlux (0))","avg(radHeatFlux (1))","avg(radHeatFlux (2))","avg(radHeatFlux (Magnitude))","max(X)","max(Y)","max(Z)","max(radHeatFlux (0))","max(radHeatFlux (1))","max(radHeatFlux (2))","max(radHeatFlux (Magnitude))","med(X)","med(Y)","med(Z)","med(radHeatFlux (0))","med(radHeatFlux (1))","med(radHeatFlux (2))","med(radHeatFlux (Magnitude))","min(X)","min(Y)","min(Z)","min(radHeatFlux (0))","min(radHeatFlux (1))","min(radHeatFlux (2))","min(radHeatFlux (Magnitude))","q1(X)","q1(Y)","q1(Z)","q1(radHeatFlux (0))","q1(radHeatFlux (1))","q1(radHeatFlux (2))","q1(radHeatFlux (Magnitude))","q3(X)","q3(Y)","q3(Z)","q3(radHeatFlux (0))","q3(radHeatFlux (1))","q3(radHeatFlux (2))","q3(radHeatFlux (Magnitude))","std(X)","std(Y)","std(Z)","std(radHeatFlux (0))","std(radHeatFlux (1))","std(radHeatFlux (2))","std(radHeatFlux (Magnitude))","vtkValidPointMask"
336,10,0.0015,0.0015,0.01,9.2852e-06,9.2852e-06,5162.9,5751.8,0.003,0.003,0.02,0.075869,0.075869,48867,48867,0.0015,0.0015,0.01,-3.6991e-06,-3.6991e-06,130.81,827.4,0,0,0,-0.087582,-0.087582,-2688.3,17.044,0.0005,0.0005,0.005,-0.0017668,-0.0017668,-141.92,141.92,0.0025,0.0025,0.015,0.0019216,0.0019216,2731.2,2731.2,0.0011197,0.0011197,0.0060643,0.012932,0.012932,12152,11883,1
336,20,0.0015,0.0015,0.01,-8.8579e-05,-8.8579e-05,5186.2,5775.3,0.003,0.003,0.02,0.0369,0.0369,47861,47861,0.0015,0.0015,0.01,-3.1331e-06,-3.1331e-06,144.62,893.14,0,0,0,-0.032897,-0.032897,-2667.1,20.638,0.0005,0.0005,0.005,-0.0021388,-0.0021388,-145.77,145.77,0.0025,0.0025,0.015,0.0021543,0.0021543,2900.5,2900.5,0.0011197,0.0011197,0.0060643,0.0071535,0.0071535,12001,11728,1
336,30,0.0015,0.0015,0.01,-0.00013163,-0.00013163,5223.4,5812.4,0.003,0.003,0.02,0.054774,0.054774,46236,46236,0.0015,0.0015,0.01,-3.8766e-06,-3.8766e-06,163.18,903.26,0,0,0,-0.050676,-0.050676,-2645.3,19.853,0.0005,0.0005,0.005,-0.0032251,-0.0032251,-149.47,163.18,0.0025,0.0025,0.015,0.0031935,0.0031935,3152.9,3152.9,0.0011197,0.0011197,0.0060643,0.010649,0.010649,11773,11493,1
336,40,0.0015,0.0015,0.01,-0.00015726,-0.00015726,5273.8,5862.6,0.003,0.003,0.02,0.072307,0.072307,44057,44057,0.0015,0.0015,0.01,-9.1626e-07,-9.1626e-07,186.94,910.09,0,0,0,-0.062682,-0.062682,-2622.9,17.45,0.0005,0.0005,0.005,-0.0039653,-0.0039653,-152.98,186.94,0.0025,0.0025,0.015,0.0041753,0.0041753,3492.1,3492.1,0.0011197,0.0011197,0.0060643,0.013451,0.013451,11485,11195,1
336,50,0.0015,0.0015,0.01,-0.00015378,-0.00015378,5333.8,5922.2,0.003,0.003,0.02,0.087231,0.087231,41560,41560,0.0015,0.0015,0.01,-6.8398e-06,-6.8398e-06,215.71,917.09,0,0,0,-0.065726,-0.065726,-2599.8,14.161,0.0005,0.0005,0.005,-0.0044959,-0.0044959,-156.28,215.71,0.0025,0.0025,0.015,0.0050145,0.0050145,3908,3908,0.0011197,0.0011197,0.0060643,0.015,0.015,11171,10870,1
336,60,0.0015,0.0015,0.01,-0.0001253,-0.0001253,5398.3,5986.1,0.003,0.003,0.02,0.096049,0.096049,39022,39022,0.0015,0.0015,0.01,2.2635e-06,2.2635e-06,249.04,924.22,0,0,0,-0.058848,-0.058848,-2576.1,10.04,0.0005,0.0005,0.005,-0.0046882,-0.0046882,-159.38,249.04,0.0025,0.0025,0.015,0.0049618,0.0049618,4384.4,4384.4,0.0011197,0.0011197,0.0060643,0.015317,0.015317,10865,10552,1
336,70,0.0015,0.0015,0.01,-8.6129e-05,-8.6129e-05,5463.2,6050.2,0.003,0.003,0.02,0.094565,0.094565,36640,36640,0.0015,0.0015,0.01,7.5864e-06,7.5864e-06,286.59,931.47,0,0,0,-0.05194,-0.05194,-2551.9,5.122,0.0005,0.0005,0.005,-0.0044625,-0.0044625,-162.3,286.59,0.0025,0.0025,0.015,0.0043858,0.0043858,4907.4,4907.4,0.0011197,0.0011197,0.0060643,0.014594,0.014594,10583,10258,1
336,80,0.0015,0.0015,0.01,-2.2778e-05,-2.2778e-05,5525.8,6111.9,0.003,0.003,0.02,0.026597,0.026597,34502,34502,0.0015,0.0015,0.01,2.6438e-06,2.6438e-06,328.28,1043.3,0,0,0,-0.035824,-0.035824,-2527.2,0.62416,0.0005,0.0005,0.005,-0.0029649,-0.0029649,-165.01,308.17,0.0025,0.0025,0.015,0.0027165,0.0027165,5466.8,5466.8,0.0011197,0.0011197,0.0060643,0.0058534,0.0058534,10328,9991.1,1
336,90,0.0015,0.0015,0.01,-5.4432e-05,-5.4432e-05,5584.4,6170,0.003,0.003,0.02,0.020371,0.020371,32623,32623,0.0015,0.0015,0.01,5.1397e-06,5.1397e-06,374.07,1178.4,0,0,0,-0.030161,-0.030161,-2502.1,7.1612,0.0005,0.0005,0.005,-0.0025692,-0.0025692,-167.51,313.96,0.0025,0.0025,0.015,0.0024748,0.0024748,6054.3,6054.3,0.0011197,0.0011197,0.0060643,0.0050332,0.0050332,10096,9748.1,1
336,100,0.0015,0.0015,0.01,-4.9184e-05,-4.9184e-05,5638.5,6223.4,0.003,0.003,0.02,0.17123,0.17123,30982,30982,0.0015,0.0015,0.01,8.2009e-06,8.2009e-06,424.17,1324.9,0,0,0,-0.17359,-0.17359,-2476.6,14.508,0.0005,0.0005,0.005,-0.004719,-0.004719,-169.81,319.69,0.0025,0.0025,0.015,0.0046931,0.0046931,6662.7,6662.7,0.0011197,0.0011197,0.0060643,0.037727,0.037727,9883.2,9524.6,1
336,110,0.0015,0.0015,0.01,-4.5962e-05,-4.5962e-05,5687.7,6271.9,0.003,0.003,0.02,0.14129,0.14129,29548,29548,0.0015,0.0015,0.01,1.027e-05,1.027e-05,478.68,1482.8,0,0,0,-0.14125,-0.14125,-2450.8,22.82,0.0005,0.0005,0.005,-0.0045214,-0.0045214,-171.83,325.3,0.0025,0.0025,0.015,0.004337,0.004337,7284.6,7284.6,0.0011197,0.0011197,0.0060643,0.02969,0.02969,9685.5,9316.7,1
336,120,0.0015,0.0015,0.01,-4.203e-05,-4.203e-05,5732.3,6315.6,0.003,0.003,0.02,0.10951,0.10951,28286,28286,0.0015,0.0015,0.01,-2.5395e-05,-2.5395e-05,537.85,1588.2,0,0,0,-0.11586,-0.11586,-2424.7,32.1,0.0005,0.0005,0.005,-0.0041592,-0.0041592,-173.57,330.78,0.0025,0.0025,0.015,0.0041711,0.0041711,7911.7,7911.7,0.0011197,0.0011197,0.0060643,0.02415,0.02415,9499.9,9121.4,1
336,130,0.0015,0.0015,0.01,-3.3321e-05,-3.3321e-05,5772.6,6354.8,0.003,0.003,0.02,0.099198,0.099198,27169,27169,0.0015,0.0015,0.01,-9.9675e-06,-9.9675e-06,601.88,1584.9,0,0,0,-0.10313,-0.10313,-2398.3,42.416,0.0005,0.0005,0.005,-0.0039746,-0.0039746,-174.99,336.12,0.0025,0.0025,0.015,0.0043012,0.0043012,8535.6,8535.6,0.0011197,0.0011197,0.0060643,0.022439,0.022439,9324.7,8936.9,1
336,140,0.0015,0.0015,0.01,-2.754e-05,-2.754e-05,5809,6390,0.003,0.003,0.02,0.10148,0.10148,26172,26172,0.0015,0.0015,0.01,-2.3054e-05,-2.3054e-05,670.97,1581.6,0,0,0,-0.099605,-0.099605,-2371.8,53.829,0.0005,0.0005,0.005,-0.0040576,-0.0040576,-176.08,369.58,0.0025,0.0025,0.015,0.0040288,0.0040288,9147.4,9147.4,0.0011197,0.0011197,0.0060643,0.022787,0.022787,9158.4,8761.7,1
336,150,0.0015,0.0015,0.01,-2.5025e-05,-2.5025e-05,5842,6421.6,0.003,0.003,0.02,0.10523,0.10523,25276,25276,0.0015,0.0015,0.01,3.1889e-06,3.1889e-06,745.35,1578,0,0,0,-0.099155,-0.099155,-2345.1,50.424,0.0005,0.0005,0.005,-0.0040374,-0.0040374,-176.79,412.91,0.0025,0.0025,0.015,0.0041491,0.0041491,9738.5,9738.5,0.0011197,0.0011197,0.0060643,0.023584,0.023584,9000.2,8595,1
336,160,0.0015,0.0015,0.01,-2.3849e-05,-2.3849e-05,5872,6450.1,0.003,0.003,0.02,0.10606,0.10606,24465,24465,0.0015,0.0015,0.01,-6.5215e-05,-6.5215e-05,825.24,1574.3,0,0,0,-0.10303,-0.10303,-2318.4,44.879,0.0005,0.0005,0.005,-0.0040874,-0.0040874,-177.1,459.66,0.0025,0.0025,0.015,0.0039264,0.0039264,10301,10301,0.0011197,0.0011197,0.0060643,0.02405,0.02405,8849.2,8435.9,1
336,170,0.0015,0.0015,0.01,-2.2768e-05,-2.2768e-05,5899.5,6475.7,0.003,0.003,0.02,0.10257,0.10257,23727,23727,0.0015,0.0015,0.01,2.1207e-05,2.1207e-05,910.85,1576.7,0,0,0,-0.10273,-0.10273,-2291.6,38.572,0.0005,0.0005,0.005,-0.0040303,-0.0040303,-176.98,509.99,0.0025,0.0025,0.015,0.0039382,0.0039382,10827,10827,0.0011197,0.0011197,0.0060643,0.023967,0.023967,8704.9,8283.8,1
336,180,0.0015,0.0015,0.01,-2.1416e-05,-2.1416e-05,5924.6,6498.9,0.003,0.003,0.02,0.096138,0.096138,23052,23052,0.0015,0.0015,0.01,-1.74e-05,-1.74e-05,1002.4,1727.7,0,0,0,-0.098461,-0.098461,-2264.8,31.451,0.0005,0.0005,0.005,-0.0041454,-0.0041454,-176.38,564.08,0.0025,0.0025,0.015,0.0037521,0.0037521,11311,11311,0.0011197,0.0011197,0.0060643,0.023371,0.023371,8566.6,8138.2,1
336,190,0.0015,0.0015,0.01,0.00012224,0.00012224,5947.7,6519.8,0.003,0.003,0.02,0.1145,0.1145,22431,22431,0.0015,0.0015,0.01,-1.9201e-05,-1.9201e-05,1100,1887.6,0,0,0,-0.10789,-0.10789,-2238,23.533,0.0005,0.0005,0.005,-0.0079014,-0.0079014,-175.33,622.09,0.0025,0.0025,0.015,0.008517,0.008517,11750,11750,0.0011197,0.0011197,0.0060643,0.026326,0.026326,8434.1,7998.7,1
336,200,0.0015,0.0015,0.01,0.00011995,0.00011995,5969.1,6538.7,0.003,0.003,0.02,0.10621,0.10621,21858,21858,0.0015,0.0015,0.01,-1.6656e-05,-1.6656e-05,1203.9,2056.3,0,0,0,-0.10099,-0.10099,-2211.3,14.624,0.0005,0.0005,0.005,-0.0080359,-0.0080359,-173.69,635.64,0.0025,0.0025,0.015,0.0079691,0.0079691,12140,12140,0.0011197,0.0011197,0.0060643,0.024761,0.024761,8306.7,7864.8,1
336,210,0.0015,0.0015,0.01,0.00011165,0.00011165,5988.9,6555.8,0.003,0.003,0.02,0.098757,0.098757,21326,21326,0.0015,0.0015,0.01,8.2741e-06,8.2741e-06,1314.2,2184.8,0,0,0,-0.094435,-0.094435,-2184.8,4.7415,0.0005,0.0005,0.005,-0.0081555,-0.0081555,-171.45,642.05,0.0025,0.0025,0.015,0.0089859,0.0089859,12481,12481,0.0011197,0.0011197,0.0060643,0.023258,0.023258,8184.2,7736.1,1
336,220,0.0015,0.0015,0.01,3.0913e-06,3.0913e-06,6007.3,6571.8,0.003,0.003,0.02,0.15681,0.15681,20832,20832,0.0015,0.0015,0.01,-2.4084e-05,-2.4084e-05,1431.1,2158.4,0,0,0,-0.15435,-0.15435,-2158.4,6.0664,0.0005,0.0005,0.005,-0.011646,-0.011646,-168.68,648.16,0.0025,0.0025,0.015,0.012388,0.012388,12773,12773,0.0011197,0.0011197,0.0060643,0.032949,0.032949,8066.2,7611.9,1
336,230,0.0015,0.0015,0.01,-8.9002e-06,-8.9002e-06,6024.4,6586.9,0.003,0.003,0.02,0.15228,0.15228,20370,20370,0.0015,0.0015,0.01,6.0444e-05,6.0444e-05,1554.5,2132.1,0,0,0,-0.14695,-0.14695,-2132.1,18.078,0.0005,0.0005,0.005,-0.0097755,-0.0097755,-165.16,653.89,0.0025,0.0025,0.015,0.011043,0.011043,13018,13018,0.0011197,0.0011197,0.0060643,0.031557,0.031557,7952.3,7491.7,1
336,240,0.0015,0.0015,0.01,-8.6616e-06,-8.6616e-06,6040.5,6600.6,0.003,0.003,0.02,0.13852,0.13852,19938,19938,0.0015,0.0015,0.01,2.4814e-05,2.4814e-05,1684.7,2106.1,0,0,0,-0.13917,-0.13917,-2106.1,31.236,0.0005,0.0005,0.005,-0.0098053,-0.0098053,-160.94,659.24,0.0025,0.0025,0.015,0.010889,0.010889,13217,13217,0.0011197,0.0011197,0.0060643,0.030112,0.030112,7842.4,7375.8,1
336,250,0.0015,0.0015,0.01,4.4156e-05,4.4156e-05,6055.5,6613.1,0.003,0.003,0.02,0.040596,0.040596,19532,19532,0.0015,0.0015,0.01,1.1901e-06,1.1901e-06,1821.5,2080.3,0,0,0,-0.043974,-0.043974,-2080.3,45.69,0.0005,0.0005,0.005,-0.0046233,-0.0046233,-155.9,664.13,0.0025,0.0025,0.015,0.0047959,0.0047959,13375,13375,0.0011197,0.0011197,0.0060643,0.011505,0.011505,7736.1,7263.8,1
336,260,0.0015,0.0015,0.01,4.1498e-05,4.1498e-05,6069.7,6624.4,0.003,0.003,0.02,0.041781,0.041781,19150,19150,0.0015,0.0015,0.01,-6.8093e-06,-6.8093e-06,1965,2054.7,0,0,0,-0.044544,-0.044544,-2054.7,61.327,0.0005,0.0005,0.005,-0.0044431,-0.0044431,-150.14,668.61,0.0025,0.0025,0.015,0.0044594,0.0044594,13496,13496,0.0011197,0.0011197,0.0060643,0.011297,0.011297,7633.2,7155.5,1
336,270,0.0015,0.0015,0.01,3.9453e-05,3.9453e-05,6083,6634.8,0.003,0.003,0.02,0.041317,0.041317,18789,18789,0.0015,0.0015,0.01,-8.8051e-06,-8.8051e-06,2115.1,2115.1,0,0,0,-0.04317,-0.04317,-2029.3,78.304,0.0005,0.0005,0.005,-0.0042634,-0.0042634,-143.54,694.69,0.0025,0.0025,0.015,0.0044565,0.0044565,13582,13582,0.0011197,0.0011197,0.0060643,0.010929,0.010929,7533.4,7050.8,1
336,280,0.0015,0.0015,0.01,3.8022e-05,3.8022e-05,6095.5,6644.1,0.003,0.003,0.02,0.040588,0.040588,18448,18448,0.0015,0.0015,0.01,7.3105e-06,7.3105e-06,2271.6,2271.6,0,0,0,-0.041158,-0.041158,-2004.2,96.683,0.0005,0.0005,0.005,-0.0040662,-0.0040662,-136.06,755.15,0.0025,0.0025,0.015,0.0043482,0.0043482,13639,13639,0.0011197,0.0011197,0.0060643,0.010618,0.010618,7436.6,6949.4,1
336,290,0.0015,0.0015,0.01,-0.00018049,-0.00018049,6107.4,6652.5,0.003,0.003,0.02,0.1594,0.1594,18125,18125,0.0015,0.0015,0.01,2.3567e-05,2.3567e-05,2434.3,2434.3,0,0,0,-0.17893,-0.17893,-1979.4,116.5,0.0005,0.0005,0.005,-0.012767,-0.012767,-127.69,819.2,0.0025,0.0025,0.015,0.012597,0.012597,13669,13669,0.0011197,0.0011197,0.0060643,0.05355,0.05355,7342.6,6851.1,1
336,300,0.0015,0.0015,0.01,-0.00019945,-0.00019945,6118.6,6660,0.003,0.003,0.02,0.15538,0.15538,17819,17819,0.0015,0.0015,0.01,-7.9781e-05,-7.9781e-05,2603.1,2603.1,0,0,0,-0.17522,-0.17522,-1954.8,118.28,0.0005,0.0005,0.005,-0.013056,-0.013056,-118.29,886.9,0.0025,0.0025,0.015,0.013256,0.013256,13677,13677,0.0011197,0.0011197,0.0060643,0.053099,0.053099,7251.2,6755.9,1
336,310,0.0015,0.0015,0.01,-0.00020341,-0.00020341,6129.3,6666.6,0.003,0.003,0.02,0.15112,0.15112,17527,17527,0.0015,0.0015,0.01,-5.9655e-05,-5.9655e-05,2777.6,2777.6,0,0,0,-0.16952,-0.16952,-1930.5,107.85,0.0005,0.0005,0.005,-0.013088,-0.013088,-107.85,958.36,0.0025,0.0025,0.015,0.013373,0.013373,13667,13667,0.0011197,0.0011197,0.0060643,0.052274,0.052274,7162.3,6663.5,1
336,320,0.0015,0.0015,0.01,-0.00020023,-0.00020023,6139.4,6672.4,0.003,0.003,0.02,0.14663,0.14663,17249,17249,0.0015,0.0015,0.01,1.416e-05,1.416e-05,2957.3,2957.3,0,0,0,-0.16366,-0.16366,-1906.5,96.337,0.0005,0.0005,0.005,-0.013051,-0.013051,-96.339,1033.7,0.0025,0.0025,0.015,0.014436,0.014436,13640,13640,0.0011197,0.0011197,0.0060643,0.051236,0.051236,7075.6,6573.9,1
336,330,0.0015,0.0015,0.01,-0.00019392,-0.00019392,6149.1,6677.4,0.003,0.003,0.02,0.14257,0.14257,16984,16984,0.0015,0.0015,0.01,4.4009e-05,4.4009e-05,3141.8,3141.8,0,0,0,-0.16062,-0.16062,-1882.7,83.685,0.0005,0.0005,0.005,-0.01363,-0.01363,-83.686,1058.5,0.0025,0.0025,0.015,0.014094,0.014094,13600,13600,0.0011197,0.0011197,0.0060643,0.05009,0.05009,6991.1,6486.8,1
336,340,0.0015,0.0015,0.01,-0.00018647,-0.00018647,6158.2,6681.6,0.003,0.003,0.02,0.13909,0.13909,16731,16731,0.0015,0.0015,0.01,-4.7242e-05,-4.7242e-05,3330.5,3330.5,0,0,0,-0.15648,-0.15648,-1859.2,69.842,0.0005,0.0005,0.005,-0.01357,-0.01357,-69.844,1057.6,0.0025,0.0025,0.015,0.013643,0.013643,13549,13549,0.0011197,0.0011197,0.0060643,0.048894,0.048894,6908.7,6402.3,1
336,350,0.0015,0.0015,0.01,-0.00017882,-0.00017882,6167,6685.1,0.003,0.003,0.02,0.13541,0.13541,16489,16489,0.0015,0.0015,0.01,-0.00013716,-0.00013716,3522.8,3522.8,0,0,0,-0.15153,-0.15153,-1835.9,54.754,0.0005,0.0005,0.005,-0.013839,-0.013839,-54.757,1056.1,0.0025,0.0025,0.015,0.01311,0.01311,13489,13489,0.0011197,0.0011197,0.0060643,0.047684,0.047684,6828.1,6320.2,1
336,360,0.0015,0.0015,0.01,-0.00017146,-0.00017146,6175.4,6687.8,0.003,0.003,0.02,0.1316,0.1316,16257,16257,0.0015,0.0015,0.01,-0.000149,-0.000149,3718.1,3718.1,0,0,0,-0.14599,-0.14599,-1812.9,38.367,0.0005,0.0005,0.005,-0.013785,-0.013785,-38.369,1053.9,0.0025,0.0025,0.015,0.01353,0.01353,13423,13423,0.0011197,0.0011197,0.0060643,0.046479,0.046479,6749.4,6240.4,1
336,370,0.0015,0.0015,0.01,-0.00016462,-0.00016462,6183.4,6689.7,0.003,0.003,0.02,0.12771,0.12771,16034,16034,0.0015,0.0015,0.01,-6.2026e-05,-6.2026e-05,3915.5,3915.5,0,0,0,-0.14007,-0.14007,-1790.1,20.623,0.0005,0.0005,0.005,-0.014414,-0.014414,-20.626,1051,0.0025,0.0025,0.015,0.014026,0.014026,13350,13350,0.0011197,0.0011197,0.0060643,0.045293,0.045293,6672.3,6162.9,1
336,380,0.0015,0.0015,0.01,-0.00015831,-0.00015831,6191,6691,0.003,0.003,0.02,0.12378,0.12378,15821,15821,0.0015,0.0015,0.01,-0.0001082,-0.0001082,4114.3,4114.3,0,0,0,-0.13393,-0.13393,-1767.5,1.4652,0.0005,0.0005,0.005,-0.014977,-0.014977,-1.4687,1047.5,0.0025,0.0025,0.015,0.01399,0.01399,13273,13273,0.0011197,0.0011197,0.0060643,0.04413,0.04413,6596.9,6087.6,1
336,390,0.0015,0.0015,0.01,-0.00015259,-0.00015259,6198.3,6693.3,0.003,0.003,0.02,0.11983,0.11983,15615,15615,0.0015,0.0015,0.01,7.3824e-06,7.3824e-06,4313.6,4313.6,0,0,0,-0.13039,-0.13039,-1745.1,19.159,0.0005,0.0005,0.005,-0.01504,-0.01504,19.159,1043.2,0.0025,0.0025,0.015,0.014402,0.014402,13193,13193,0.0011197,0.0011197,0.0060643,0.042996,0.042996,6523,6012.4,1
336,400,0.0015,0.0015,0.01,-0.00014736,-0.00014736,6205.4,6695.2,0.003,0.003,0.02,0.11587,0.11587,15417,15417,0.0015,0.0015,0.01,1.9702e-05,1.9702e-05,4512.6,4512.6,0,0,0,-0.12705,-0.12705,-1722.8,41.315,0.0005,0.0005,0.005,-0.015294,-0.015294,41.316,1038.3,0.0025,0.0025,0.015,0.014094,0.014094,13110,13110,0.0011197,0.0011197,0.0060643,0.04189,0.04189,6450.5,5938.9,1
336,410,0.0015,0.0015,0.01,-0.00014265,-0.00014265,6212.1,6696.5,0.003,0.003,0.02,0.11219,0.11219,15227,15227,0.0015,0.0015,0.01,1.8037e-05,1.8037e-05,4710.3,4710.3,0,0,0,-0.1233,-0.1233,-1700.7,65.06,0.0005,0.0005,0.005,-0.015405,-0.015405,65.061,1067.2,0.0025,0.0025,0.015,0.014362,0.014362,13026,13026,0.0011197,0.0011197,0.0060643,0.040814,0.040814,6379.3,5867.2,1
336,420,0.0015,0.0015,0.01,-0.00013835,-0.00013835,6218.6,6697.3,0.003,0.003,0.02,0.10938,0.10938,15043,15043,0.0015,0.0015,0.01,6.929e-05,6.929e-05,4906,4906,0,0,0,-0.11922,-0.11922,-1678.7,90.449,0.0005,0.0005,0.005,-0.015421,-0.015421,90.45,1141.8,0.0025,0.0025,0.015,0.014375,0.014375,12940,12940,0.0011197,0.0011197,0.0060643,0.039767,0.039767,6309.4,5797.2,1
336,430,0.0015,0.0015,0.01,-0.00013443,-0.00013443,6224.8,6697.4,0.003,0.003,0.02,0.10648,0.10648,14866,14866,0.0015,0.0015,0.01,3.82e-05,3.82e-05,5098.7,5098.7,0,0,0,-0.11491,-0.11491,-1656.8,117.54,0.0005,0.0005,0.005,-0.015265,-0.015265,117.54,1219.6,0.0025,0.0025,0.015,0.014152,0.014152,12853,12853,0.0011197,0.0011197,0.0060643,0.038747,0.038747,6240.8,5729,1
336,440,0.0015,0.0015,0.01,-0.00013085,-0.00013085,6230.8,6697,0.003,0.003,0.02,0.10351,0.10351,14695,14695,0.0015,0.0015,0.01,-1.2133e-05,-1.2133e-05,5287.6,5287.6,0,0,0,-0.11045,-0.11045,-1635.1,146.4,0.0005,0.0005,0.005,-0.015222,-0.015222,146.4,1300.6,0.0025,0.0025,0.015,0.014015,0.014015,12766,12766,0.0011197,0.0011197,0.0060643,0.037754,0.037754,6173.3,5662.4,1
336,450,0.0015,0.0015,0.01,7.0062e-05,7.0062e-05,6236.5,6696.1,0.003,0.003,0.02,0.06014,0.06014,14530,14530,0.0015,0.0015,0.01,0.00014643,0.00014643,5471.7,5471.7,0,0,0,-0.067867,-0.067867,-1613.4,177.01,0.0005,0.0005,0.005,-0.010518,-0.010518,177.02,1334.5,0.0025,0.0025,0.015,0.010217,0.010217,12679,12679,0.0011197,0.0011197,0.0060643,0.018253,0.018253,6106.8,5597.5,1
336,460,0.0015,0.0015,0.01,8.1175e-05,8.1175e-05,6242,6694.6,0.003,0.003,0.02,0.057237,0.057237,14370,14370,0.0015,0.0015,0.01,7.8553e-06,7.8553e-06,5650.7,5650.7,0,0,0,-0.064139,-0.064139,-1591.7,209.57,0.0005,0.0005,0.005,-0.010053,-0.010053,209.58,1320.4,0.0025,0.0025,0.015,0.010142,0.010142,12591,12591,0.0011197,0.0011197,0.0060643,0.017741,0.017741,6041.4,5534.1,1
336,470,0.0015,0.0015,0.01,8.4949e-05,8.4949e-05,6247.4,6692.5,0.003,0.003,0.02,0.054041,0.054041,14215,14215,0.0015,0.0015,0.01,1.3792e-05,1.3792e-05,5823.7,5823.7,0,0,0,-0.061677,-0.061677,-1569.9,206.9,0.0005,0.0005,0.005,-0.0099936,-0.0099936,244.07,1305.7,0.0025,0.0025,0.015,0.0098426,0.0098426,12504,12504,0.0011197,0.0011197,0.0060643,0.017174,0.017174,5976.9,5472.3,1
336,480,0.0015,0.0015,0.01,9.03e-05,9.03e-05,6252.5,6689.8,0.003,0.003,0.02,0.051624,0.051624,14064,14064,0.0015,0.0015,0.01,-0.0001617,-0.0001617,5990.2,5990.2,0,0,0,-0.061606,-0.061606,-1548.2,185.94,0.0005,0.0005,0.005,-0.0092806,-0.0092806,280.52,1290.6,0.0025,0.0025,0.015,0.010069,0.010069,12418,12418,0.0011197,0.0011197,0.0060643,0.016789,0.016789,5913.3,5412,1
336,490,0.0015,0.0015,0.01,0.00010045,0.00010045,6257.4,6686.5,0.003,0.003,0.02,0.049053,0.049053,13919,13919,0.0015,0.0015,0.01,2.4115e-05,2.4115e-05,6149.7,6149.7,0,0,0,-0.060067,-0.060067,-1526.4,163.45,0.0005,0.0005,0.005,-0.0088721,-0.0088721,319.02,1274.8,0.0025,0.0025,0.015,0.0098217,0.0098217,12332,12332,0.0011197,0.0011197,0.0060643,0.016285,0.016285,5850.5,5353.3,1
336,500,0.0015,0.0015,0.01,0.0001023,0.0001023,6262.2,6682.6,0.003,0.003,0.02,0.048457,0.048457,13778,13778,0.0015,0.0015,0.01,-5.8227e-05,-5.8227e-05,6301.8,6301.8,0,0,0,-0.058099,-0.058099,-1504.5,139.38,0.0005,0.0005,0.005,-0.0087065,-0.0087065,359.59,1258.5,0.0025,0.0025,0.015,0.0095981,0.0095981,12247,12247,0.0011197,0.0011197,0.0060643,0.015757,0.015757,5788.6,5296.1,1
336,510,0.0015,0.0015,0.01,0.00010029,0.00010029,6266.8,6678.1,0.003,0.003,0.02,0.047209,0.047209,13641,13641,0.0015,0.0015,0.01,7.4746e-06,7.4746e-06,6446.1,6446.1,0,0,0,-0.055728,-0.055728,-1482.5,113.68,0.0005,0.0005,0.005,-0.0086237,-0.0086237,402.28,1241.6,0.0025,0.0025,0.015,0.0097202,0.0097202,12162,12162,0.0011197,0.0011197,0.0060643,0.015224,0.015224,5727.3,5240.4,1
336,520,0.0015,0.0015,0.01,9.6553e-05,9.6553e-05,6271.2,6673,0.003,0.003,0.02,0.045374,0.045374,13507,13507,0.0015,0.0015,0.01,-5.0487e-05,-5.0487e-05,6582.4,6582.4,0,0,0,-0.052989,-0.052989,-1460.3,86.32,0.0005,0.0005,0.005,-0.0082488,-0.0082488,447.13,1224.1,0.0025,0.0025,0.015,0.009368,0.009368,12079,12079,0.0011197,0.0011197,0.0060643,0.014699,0.014699,5666.8,5186.1,1
336,530,0.0015,0.0015,0.01,9.2154e-05,9.2154e-05,6275.5,6667.3,0.003,0.003,0.02,0.043031,0.043031,13378,13378,0.0015,0.0015,0.01,3.1389e-05,3.1389e-05,6710.6,6710.6,0,0,0,-0.049928,-0.049928,-1437.9,57.238,0.0005,0.0005,0.005,-0.0078253,-0.0078253,494.17,1205.9,0.0025,0.0025,0.015,0.0088453,0.0088453,11996,11996,0.0011197,0.0011197,0.0060643,0.014188,0.014188,5607,5133.4,1
336,540,0.0015,0.0015,0.01,8.7604e-05,8.7604e-05,6279.6,6660.9,0.003,0.003,0.02,0.040774,0.040774,13252,13252,0.0015,0.0015,0.01,-1.9733e-05,-1.9733e-05,6830.7,6830.7,0,0,0,-0.046596,-0.046596,-1415.3,26.391,0.0005,0.0005,0.005,-0.0078664,-0.0078664,543.44,1281.7,0.0025,0.0025,0.015,0.0088533,0.0088533,11914,11914,0.0011197,0.0011197,0.0060643,0.013694,0.013694,5547.7,5082.1,1
336,550,0.0015,0.0015,0.01,8.3152e-05,8.3152e-05,6283.6,6654.5,0.003,0.003,0.02,0.039579,0.039579,13129,13129,0.0015,0.0015,0.01,1.5236e-05,1.5236e-05,6942.6,6942.6,0,0,0,-0.043328,-0.043328,-1392.4,6.2581,0.0005,0.0005,0.005,-0.0077801,-0.0077801,594.95,1360.2,0.0025,0.0025,0.015,0.0086825,0.0086825,11834,11834,0.0011197,0.0011197,0.0060643,0.013221,0.013221,5489,5031.5,1
336,560,0.0015,0.0015,0.01,7.8903e-05,7.8903e-05,6287.4,6650.1,0.003,0.003,0.02,0.03829,0.03829,13010,13010,0.0015,0.0015,0.01,2.3524e-05,2.3524e-05,7046.4,7046.4,0,0,0,-0.042317,-0.042317,-1369.3,40.767,0.0005,0.0005,0.005,-0.0073163,-0.0073163,648.72,1369.3,0.0025,0.0025,0.015,0.0080656,0.0080656,11754,11754,0.0011197,0.0011197,0.0060643,0.012769,0.012769,5430.9,4978.7,1
336,570,0.0015,0.0015,0.01,7.491e-05,7.491e-05,6291.1,6645.2,0.003,0.003,0.02,0.036945,0.036945,12894,12894,0.0015,0.0015,0.01,-2.4856e-05,-2.4856e-05,7142.3,7142.3,0,0,0,-0.040941,-0.040941,-1345.8,77.168,0.0005,0.0005,0.005,-0.0072027,-0.0072027,704.77,1345.8,0.0025,0.0025,0.015,0.0077514,0.0077514,11675,11675,0.0011197,0.0011197,0.0060643,0.012339,0.012339,5373.3,4927.1,1
336,580,0.0015,0.0015,0.01,7.1166e-05,7.1166e-05,6294.6,6639.9,0.003,0.003,0.02,0.036497,0.036497,12780,12780,0.0015,0.0015,0.01,1.191e-05,1.191e-05,7230.4,7230.4,0,0,0,-0.039222,-0.039222,-1321.9,115.5,0.0005,0.0005,0.005,-0.006602,-0.006602,763.1,1321.9,0.0025,0.0025,0.015,0.0076938,0.0076938,11597,11597,0.0011197,0.0011197,0.0060643,0.011931,0.011931,5316.1,4876.7,1
336,590,0.0015,0.0015,0.01,6.7666e-05,6.7666e-05,6298.1,6633.9,0.003,0.003,0.02,0.036126,0.036126,12670,12670,0.0015,0.0015,0.01,-2.7472e-05,-2.7472e-05,7311.1,7311.1,0,0,0,-0.03719,-0.03719,-1297.6,155.8,0.0005,0.0005,0.005,-0.0065005,-0.0065005,823.69,1297.6,0.0025,0.0025,0.015,0.007661,0.007661,11520,11520,0.0011197,0.0011197,0.0060643,0.011545,0.011545,5259.3,4827.4,1
336,600,0.0015,0.0015,0.01,6.4386e-05,6.4386e-05,6301.4,6627.5,0.003,0.003,0.02,0.035618,0.035618,12562,12562,0.0015,0.0015,0.01,-6.4215e-06,-6.4215e-06,7384.6,7384.6,0,0,0,-0.03488,-0.03488,-1272.8,198.09,0.0005,0.0005,0.005,-0.0065107,-0.0065107,886.53,1272.8,0.0025,0.0025,0.015,0.0074127,0.0074127,11444,11444,0.0011197,0.0011197,0.0060643,0.011181,0.011181,5203,4779.3,1
336,610,0.0015,0.0015,0.01,6.1302e-05,6.1302e-05,6304.5,6620.5,0.003,0.003,0.02,0.034994,0.034994,12456,12456,0.0015,0.0015,0.01,-6.8417e-07,-6.8417e-07,7451.1,7451.1,0,0,0,-0.032332,-0.032332,-1247.6,242.4,0.0005,0.0005,0.005,-0.006432,-0.006432,951.6,1247.6,0.0025,0.0025,0.015,0.0069471,0.0069471,11370,11370,0.0011197,0.0011197,0.0060643,0.010838,0.010838,5147,4732.3,1
336,620,0.0015,0.0015,0.01,5.8385e-05,5.8385e-05,6307.6,6613,0.003,0.003,0.02,0.034274,0.034274,12353,12353,0.0015,0.0015,0.01,-2.6386e-05,-2.6386e-05,7511.1,7511.1,0,0,0,-0.029587,-0.029587,-1221.8,273.64,0.0005,0.0005,0.005,-0.0062058,-0.0062058,1018.9,1221.8,0.0025,0.0025,0.015,0.0066574,0.0066574,11296,11296,0.0011197,0.0011197,0.0060643,0.010518,0.010518,5091.4,4686.6,1
336,630,0.0015,0.0015,0.01,5.5618e-05,5.5618e-05,6310.5,6604.9,0.003,0.003,0.02,0.033477,0.033477,12253,12253,0.0015,0.0015,0.01,-1.9543e-05,-1.9543e-05,7564.9,7564.9,0,0,0,-0.028478,-0.028478,-1195.5,238.82,0.0005,0.0005,0.005,-0.0060847,-0.0060847,1088.3,1195.5,0.0025,0.0025,0.015,0.0064581,0.0064581,11223,11223,0.0011197,0.0011197,0.0060643,0.010219,0.010219,5036,4641.9,1
336,640,0.0015,0.0015,0.01,5.297e-05,5.297e-05,6313.3,6596.3,0.003,0.003,0.02,0.032618,0.032618,12154,12154,0.0015,0.0015,0.01,4.2155e-06,4.2155e-06,7612.8,7612.8,0,0,0,-0.028406,-0.028406,-1168.5,202.22,0.0005,0.0005,0.005,-0.0058893,-0.0058893,1159.7,1168.5,0.0025,0.0025,0.015,0.0062021,0.0062021,11151,11151,0.0011197,0.0011197,0.0060643,0.009942,0.009942,4981,4598.5,1
336,650,0.0015,0.0015,0.01,5.0429e-05,5.0429e-05,6316,6587,0.003,0.003,0.02,0.031712,0.031712,12058,12058,0.0015,0.0015,0.01,2.6574e-06,2.6574e-06,7655.1,7655.1,0,0,0,-0.028196,-0.028196,-1140.8,163.81,0.0005,0.0005,0.005,-0.0056662,-0.0056662,1233.2,1233.2,0.0025,0.0025,0.015,0.0060431,0.0060431,11080,11080,0.0011197,0.0011197,0.0060643,0.0096873,0.0096873,4926.2,4556.3,1
336,660,0.0015,0.0015,0.01,4.7972e-05,4.7972e-05,6318.6,6577.2,0.003,0.003,0.02,0.031459,0.031459,11964,11964,0.0015,0.0015,0.01,-3.382e-06,-3.382e-06,7692.3,7692.3,0,0,0,-0.02786,-0.02786,-1112.5,123.58,0.0005,0.0005,0.005,-0.0056243,-0.0056243,1308.6,1308.6,0.0025,0.0025,0.015,0.0058591,0.0058591,11010,11010,0.0011197,0.0011197,0.0060643,0.0094549,0.0094549,4871.6,4515.3,1
336,670,0.0015,0.0015,0.01,4.5588e-05,4.5588e-05,6321.1,6566.7,0.003,0.003,0.02,0.031271,0.031271,11872,11872,0.0015,0.0015,0.01,-6.0956e-06,-6.0956e-06,7724.6,7724.6,0,0,0,-0.027415,-0.027415,-1083.4,81.489,0.0005,0.0005,0.005,-0.0056458,-0.0056458,1385.9,1385.9,0.0025,0.0025,0.015,0.0057693,0.0057693,10941,10941,0.0011197,0.0011197,0.0060643,0.0092453,0.0092453,4817.2,4475.5,1
336,680,0.0015,0.0015,0.01,4.3268e-05,4.3268e-05,6323.4,6555.7,0.003,0.003,0.02,0.030965,0.030965,11782,11782,0.0015,0.0015,0.01,-2.3107e-05,-2.3107e-05,7752.3,7752.3,0,0,0,-0.026877,-0.026877,-1053.5,37.526,0.0005,0.0005,0.005,-0.00554,-0.00554,1464.8,1464.8,0.0025,0.0025,0.015,0.0056917,0.0056917,10872,10872,0.0011197,0.0011197,0.0060643,0.0090588,0.0090588,4763.1,4437,1
336,690,0.0015,0.0015,0.01,4.1008e-05,4.1008e-05,6325.7,6544.8,0.003,0.003,0.02,0.030554,0.030554,11693,11693,0.0015,0.0015,0.01,-2.1447e-05,-2.1447e-05,7775.9,7775.9,0,0,0,-0.02626,-0.02626,-1022.8,8.3143,0.0005,0.0005,0.005,-0.0055042,-0.0055042,1545.4,1545.4,0.0025,0.0025,0.015,0.0054938,0.0054938,10805,10805,0.0011197,0.0011197,0.0060643,0.0088955,0.0088955,4709.1,4398.5,1
336,700,0.0015,0.0015,0.01,3.8801e-05,3.8801e-05,6327.8,6537,0.003,0.003,0.02,0.030053,0.030053,11606,11606,0.0015,0.0015,0.01,1.585e-06,1.585e-06,7795.5,7795.5,0,0,0,-0.025579,-0.025579,-991.15,56.069,0.0005,0.0005,0.005,-0.0053584,-0.0053584,1627.4,1627.4,0.0025,0.0025,0.015,0.0056933,0.0056933,10738,10738,0.0011197,0.0011197,0.0060643,0.0087556,0.0087556,4655.2,4355.7,1
336,710,0.0015,0.0015,0.01,3.6645e-05,3.6645e-05,6329.9,6528.7,0.003,0.003,0.02,0.029476,0.029476,11521,11521,0.0015,0.0015,0.01,1.5636e-05,1.5636e-05,7811.5,7811.5,0,0,0,-0.025286,-0.025286,-958.61,105.73,0.0005,0.0005,0.005,-0.0051332,-0.0051332,1710.7,1710.7,0.0025,0.0025,0.015,0.0056604,0.0056604,10672,10672,0.0011197,0.0011197,0.0060643,0.008639,0.008639,4601.5,4313.8,1
336,720,0.0015,0.0015,0.01,3.4543e-05,3.4543e-05,6331.8,6520,0.003,0.003,0.02,0.028836,0.028836,11438,11438,0.0015,0.0015,0.01,-5.2063e-06,-5.2063e-06,7824.1,7824.1,0,0,0,-0.025268,-0.025268,-925.1,157.3,0.0005,0.0005,0.005,-0.0050146,-0.0050146,1795.2,1795.2,0.0025,0.0025,0.015,0.0055853,0.0055853,10608,10608,0.0011197,0.0011197,0.0060643,0.0085455,0.0085455,4547.9,4272.8,1
336,730,0.0015,0.0015,0.01,3.2504e-05,3.2504e-05,6333.6,6510.8,0.003,0.003,0.02,0.028145,0.028145,11356,11356,0.0015,0.0015,0.01,9.7075e-06,9.7075e-06,7833.7,7833.7,0,0,0,-0.025135,-0.025135,-890.58,210.77,0.0005,0.0005,0.005,-0.0049677,-0.0049677,1880.7,1880.7,0.0025,0.0025,0.015,0.0054052,0.0054052,10543,10543,0.0011197,0.0011197,0.0060643,0.0084743,0.0084743,4494.4,4232.8,1
336,740,0.0015,0.0015,0.01,3.0533e-05,3.0533e-05,6335.3,6501.1,0.003,0.003,0.02,0.027683,0.027683,11276,11276,0.0015,0.0015,0.01,-3.2143e-05,-3.2143e-05,7840.3,7840.3,0,0,0,-0.024897,-0.024897,-855,265.52,0.0005,0.0005,0.005,-0.0051819,-0.0051819,1967,1967,0.0025,0.0025,0.015,0.0053078,0.0053078,10480,10480,0.0011197,0.0011197,0.0060643,0.0084245,0.0084245,4441,4193.9,1
336,750,0.0015,0.0015,0.01,2.8643e-05,2.8643e-05,6337,6490.9,0.003,0.003,0.02,0.027565,0.027565,11197,11197,0.0015,0.0015,0.01,-4.7429e-06,-4.7429e-06,7844.3,7844.3,0,0,0,-0.024567,-0.024567,-818.33,218.59,0.0005,0.0005,0.005,-0.0050734,-0.0050734,2053.9,2053.9,0.0025,0.0025,0.015,0.0053839,0.0053839,10417,10417,0.0011197,0.0011197,0.0060643,0.0083948,0.0083948,4387.6,4155.9,1
336,760,0.0015,0.0015,0.01,2.684e-05,2.684e-05,6338.5,6480.2,0.003,0.003,0.02,0.027348,0.027348,11120,11120,0.0015,0.0015,0.01,-2.4588e-05,-2.4588e-05,7845.9,7845.9,0,0,0,-0.024156,-0.024156,-780.52,169.96,0.0005,0.0005,0.005,-0.0052612,-0.0052612,2141.3,2141.3,0.0025,0.0025,0.015,0.0050931,0.0050931,10356,10356,0.0011197,0.0011197,0.0060643,0.0083834,0.0083834,4334.4,4118.9,1
336,770,0.0015,0.0015,0.01,2.5142e-05,2.5142e-05,6339.9,6468.9,0.003,0.003,0.02,0.027043,0.027043,11043,11043,0.0015,0.0015,0.01,-1.0564e-05,-1.0564e-05,7845.2,7845.2,0,0,0,-0.023676,-0.023676,-741.54,119.63,0.0005,0.0005,0.005,-0.0048409,-0.0048409,2228.9,2228.9,0.0025,0.0025,0.015,0.0051655,0.0051655,10294,10294,0.0011197,0.0011197,0.0060643,0.0083883,0.0083883,4281.2,4083,1
336,780,0.0015,0.0015,0.01,2.3554e-05,2.3554e-05,6341.2,6457.2,0.003,0.003,0.02,0.026661,0.026661,10969,10969,0.0015,0.0015,0.01,1.0638e-05,1.0638e-05,7842.4,7842.4,0,0,0,-0.023139,-0.023139,-701.35,67.579,0.0005,0.0005,0.005,-0.0050513,-0.0050513,2316.7,2316.7,0.0025,0.0025,0.015,0.0052025,0.0052025,10234,10234,0.0011197,0.0011197,0.0060643,0.0084072,0.0084072,4228.1,4048.2,1
336,790,0.0015,0.0015,0.01,2.2094e-05,2.2094e-05,6342.4,6444.9,0.003,0.003,0.02,0.026214,0.026214,10895,10895,0.0015,0.0015,0.01,4.3571e-07,4.3571e-07,7837.8,7837.8,0,0,0,-0.022718,-0.022718,-659.91,13.828,0.0005,0.0005,0.005,-0.0049711,-0.0049711,2404.3,2404.3,0.0025,0.0025,0.015,0.0050758,0.0050758,10174,10174,0.0011197,0.0011197,0.0060643,0.0084377,0.0084377,4175,4014.5,1
336,800,0.0015,0.0015,0.01,2.0769e-05,2.0769e-05,6343.5,6436,0.003,0.003,0.02,0.025713,0.025713,10822,10822,0.0015,0.0015,0.01,2.7329e-06,2.7329e-06,7831.3,7831.3,0,0,0,-0.022729,-0.022729,-617.2,41.609,0.0005,0.0005,0.005,-0.0052223,-0.0052223,2491.6,2491.6,0.0025,0.0025,0.015,0.0051574,0.0051574,10115,10115,0.0011197,0.0011197,0.0060643,0.0084772,0.0084772,4122,3975.5,1
336,810,0.0015,0.0015,0.01,1.9596e-05,1.9596e-05,6344.6,6428.2,0.003,0.003,0.02,0.025168,0.025168,10751,10751,0.0015,0.0015,0.01,-6.2056e-05,-6.2056e-05,7823.2,7823.2,0,0,0,-0.022647,-0.022647,-573.17,98.739,0.0005,0.0005,0.005,-0.0051431,-0.0051431,2578.4,2578.4,0.0025,0.0025,0.015,0.0053176,0.0053176,10057,10057,0.0011197,0.0011197,0.0060643,0.0085232,0.0085232,4069,3935.2,1
336,820,0.0015,0.0015,0.01,1.8579e-05,1.8579e-05,6345.5,6419.9,0.003,0.003,0.02,0.024611,0.024611,10681,10681,0.0015,0.0015,0.01,-1.3246e-05,-1.3246e-05,7813.7,7813.7,0,0,0,-0.022481,-0.022481,-527.8,157.53,0.0005,0.0005,0.005,-0.0053393,-0.0053393,2664.6,2664.6,0.0025,0.0025,0.015,0.0054925,0.0054925,9999,9999,0.0011197,0.0011197,0.0060643,0.0085736,0.0085736,4016,3895.6,1
336,830,0.0015,0.0015,0.01,1.7726e-05,1.7726e-05,6346.3,6411.3,0.003,0.003,0.02,0.024565,0.024565,10612,10612,0.0015,0.0015,0.01,1.9094e-05,1.9094e-05,7802.7,7802.7,0,0,0,-0.02224,-0.02224,-481.06,201.13,0.0005,0.0005,0.005,-0.0052034,-0.0052034,2749.9,2749.9,0.0025,0.0025,0.015,0.005445,0.005445,9941.9,9941.9,0.0011197,0.0011197,0.0060643,0.0086261,0.0086261,3963.2,3856.9,1
336,840,0.0015,0.0015,0.01,1.7045e-05,1.7045e-05,6347,6402.2,0.003,0.003,0.02,0.024439,0.024439,10544,10544,0.0015,0.0015,0.01,2.805e-05,2.805e-05,7790.5,7790.5,0,0,0,-0.021934,-0.021934,-432.94,147.04,0.0005,0.0005,0.005,-0.0052569,-0.0052569,2834.2,2834.2,0.0025,0.0025,0.015,0.005311,0.005311,9885.4,9885.4,0.0011197,0.0011197,0.0060643,0.0086792,0.0086792,3910.3,3818.9,1
336,850,0.0015,0.0015,0.01,1.6535e-05,1.6535e-05,6347.6,6392.8,0.003,0.003,0.02,0.024244,0.024244,10477,10477,0.0015,0.0015,0.01,-1.2693e-05,-1.2693e-05,7777.2,7777.2,0,0,0,-0.021576,-0.021576,-383.4,91.418,0.0005,0.0005,0.005,-0.0052816,-0.0052816,2917.3,2917.3,0.0025,0.0025,0.015,0.0054713,0.0054713,9829.5,9829.5,0.0011197,0.0011197,0.0060643,0.0087314,0.0087314,3857.5,3781.9,1
336,860,0.0015,0.0015,0.01,1.6196e-05,1.6196e-05,6348.1,6383.1,0.003,0.003,0.02,0.024336,0.024336,10411,10411,0.0015,0.0015,0.01,2.7877e-05,2.7877e-05,7762.8,7762.8,0,0,0,-0.021519,-0.021519,-332.44,34.26,0.0005,0.0005,0.005,-0.0054478,-0.0054478,2999.2,2999.2,0.0025,0.0025,0.015,0.0056517,0.0056517,9774.2,9774.2,0.0011197,0.0011197,0.0060643,0.0087819,0.0087819,3804.8,3745.8,1
336,870,0.0015,0.0015,0.01,1.603e-05,1.603e-05,6348.6,6375.2,0.003,0.003,0.02,0.024337,0.024337,10346,10346,0.0015,0.0015,0.01,3.6252e-05,3.6252e-05,7747.4,7747.4,0,0,0,-0.021391,-0.021391,-280.05,24.41,0.0005,0.0005,0.005,-0.0054325,-0.0054325,3079.5,3079.5,0.0025,0.0025,0.015,0.0057623,0.0057623,9719.4,9719.4,0.0011197,0.0011197,0.0060643,0.0088302,0.0088302,3752.2,3706.5,1
336,880,0.0015,0.0015,0.01,1.6029e-05,1.6029e-05,6348.9,6370.4,0.003,0.003,0.02,0.024237,0.024237,10282,10282,0.0015,0.0015,0.01,2.1829e-05,2.1829e-05,7731.1,7731.1,0,0,0,-0.021775,-0.021775,-226.2,84.589,0.0005,0.0005,0.005,-0.0053851,-0.0053851,3158.4,3158.4,0.0025,0.0025,0.015,0.0057735,0.0057735,9665.2,9665.2,0.0011197,0.0011197,0.0060643,0.0088763,0.0088763,3699.6,3662.3,1
336,890,0.0015,0.0015,0.01,1.6189e-05,1.6189e-05,6349.1,6365.4,0.003,0.003,0.02,0.024053,0.024053,10218,10218,0.0015,0.0015,0.01,3.276e-05,3.276e-05,7714,7714,0,0,0,-0.02202,-0.02202,-170.9,146.25,0.0005,0.0005,0.005,-0.0055447,-0.0055447,3235.5,3235.5,0.0025,0.0025,0.015,0.0058779,0.0058779,9611.6,9611.6,0.0011197,0.0011197,0.0060643,0.0089205,0.0089205,3647.1,3618.5,1
336,900,0.0015,0.0015,0.01,1.6505e-05,1.6505e-05,6349.3,6360.2,0.003,0.003,0.02,0.023879,0.023879,10156,10156,0.0015,0.0015,0.01,-9.1019e-06,-9.1019e-06,7696.2,7696.2,0,0,0,-0.022142,-0.022142,-114.14,114.14,0.0005,0.0005,0.005,-0.0055846,-0.0055846,3311,3311,0.0025,0.0025,0.015,0.0059774,0.0059774,9558.5,9558.5,0.0011197,0.0011197,0.0060643,0.0089637,0.0089637,3594.7,3575.4,1
336,910,0.0015,0.0015,0.01,1.6972e-05,1.6972e-05,6349.3,6354.7,0.003,0.003,0.02,0.024069,0.024069,10094,10094,0.0015,0.0015,0.01,1.092e-05,1.092e-05,7677.7,7677.7,0,0,0,-0.022159,-0.022159,-55.936,55.933,0.0005,0.0005,0.005,-0.0056159,-0.0056159,3384.6,3384.6,0.0025,0.0025,0.015,0.0061448,0.0061448,9506,9506,0.0011197,0.0011197,0.0060643,0.0090068,0.0090068,3542.4,3532.8,1
336,920,0.0015,0.0015,0.01,-0.0002673,-0.0002673,6349.3,6349.3,0.003,0.003,0.02,0.073639,0.073639,10034,10034,0.0015,0.0015,0.01,-1.6637e-05,-1.6637e-05,7658.6,7658.6,0,0,0,-0.07767,-0.07767,3.6096,3.6096,0.0005,0.0005,0.005,-0.015443,-0.015443,3456.4,3456.4,0.0025,0.0025,0.015,0.015057,0.015057,9454,9454,0.0011197,0.0011197,0.0060643,0.0251,0.0251,3490.2,3490.2,1
336,930,0.0015,0.0015,0.01,-0.00016302,-0.00016302,6349.2,6349.2,0.003,0.003,0.02,0.065776,0.065776,9973.8,9973.8,0.0015,0.0015,0.01,-2.3088e-05,-2.3088e-05,7638.8,7638.8,0,0,0,-0.061641,-0.061641,64.483,64.483,0.0005,0.0005,0.005,-0.017104,-0.017104,3526.5,3526.5,0.0025,0.0025,0.015,0.017298,0.017298,9402.6,9402.6,0.0011197,0.0011197,0.0060643,0.025053,0.025053,3438.1,3438.1,1
336,940,0.0015,0.0015,0.01,-0.00015767,-0.00015767,6349,6349,0.003,0.003,0.02,0.062684,0.062684,9914.7,9914.7,0.0015,0.0015,0.01,-3.9945e-06,-3.9945e-06,7618.7,7618.7,0,0,0,-0.058851,-0.058851,126.97,126.97,0.0005,0.0005,0.005,-0.016984,-0.016984,3594.3,3594.3,0.0025,0.0025,0.015,0.016983,0.016983,9351.6,9351.6,0.0011197,0.0011197,0.0060643,0.024716,0.024716,3386.2,3386.2,1
336,950,0.0015,0.0015,0.01,-0.00014945,-0.00014945,6348.7,6348.7,0.003,0.003,0.02,0.060694,0.060694,9856.2,9856.2,0.0015,0.0015,0.01,0.00011479,0.00011479,7598.2,7598.2,0,0,0,-0.056035,-0.056035,190.85,190.85,0.0005,0.0005,0.005,-0.016745,-0.016745,3660.2,3660.2,0.0025,0.0025,0.015,0.016253,0.016253,9301.2,9301.2,0.0011197,0.0011197,0.0060643,0.024316,0.024316,3334.4,3334.4,1
336,960,0.0015,0.0015,0.01,-0.00014032,-0.00014032,6348.3,6348.3,0.003,0.003,0.02,0.058859,0.058859,9798.5,9798.5,0.0015,0.0015,0.01,-7.0443e-05,-7.0443e-05,7577.2,7577.2,0,0,0,-0.053197,-0.053197,256.1,256.1,0.0005,0.0005,0.005,-0.016455,-0.016455,3724.1,3724.1,0.0025,0.0025,0.015,0.016082,0.016082,9251.2,9251.2,0.0011197,0.0011197,0.0060643,0.02389,0.02389,3282.8,3282.8,1
336,970,0.0015,0.0015,0.01,-0.00013115,-0.00013115,6347.9,6347.9,0.003,0.003,0.02,0.0581,0.0581,9741.4,9741.4,0.0015,0.0015,0.01,6.4448e-05,6.4448e-05,7556,7556,0,0,0,-0.051259,-0.051259,322.68,322.68,0.0005,0.0005,0.005,-0.015953,-0.015953,3786,3786,0.0025,0.0025,0.015,0.016102,0.016102,9201.8,9201.8,0.0011197,0.0011197,0.0060643,0.023462,0.023462,3231.4,3231.4,1
336,980,0.0015,0.0015,0.01,-0.00012234,-0.00012234,6347.3,6347.3,0.003,0.003,0.02,0.058454,0.058454,9685.1,9685.1,0.0015,0.0015,0.01,-1.9002e-05,-1.9002e-05,7534.5,7534.5,0,0,0,-0.051611,-0.051611,390.57,390.57,0.0005,0.0005,0.005,-0.01587,-0.01587,3845.9,3845.9,0.0025,0.0025,0.015,0.015833,0.015833,9152.8,9152.8,0.0011197,0.0011197,0.0060643,0.023044,0.023044,3180.2,3180.2,1
336,990,0.0015,0.0015,0.01,-0.00011409,-0.00011409,6346.7,6346.7,0.003,0.003,0.02,0.058682,0.058682,9629.4,9629.4,0.0015,0.0015,0.01,0.00010651,0.00010651,7512.7,7512.7,0,0,0,-0.05185,-0.05185,459.71,459.71,0.0005,0.0005,0.005,-0.015527,-0.015527,3903.9,3903.9,0.0025,0.0025,0.015,0.015424,0.015424,9104.4,9104.4,0.0011197,0.0011197,0.0060643,0.022643,0.022643,3129.2,3129.2,1
336,1000,0.0015,0.0015,0.01,-0.00010645,-0.00010645,6346.1,6346.1,0.003,0.003,0.02,0.058811,0.058811,9574.4,9574.4,0.0015,0.0015,0.01,-2.273e-05,-2.273e-05,7490.8,7490.8,0,0,0,-0.052,-0.052,530.08,530.08,0.0005,0.0005,0.005,-0.014986,-0.014986,3960,3960,0.0025,0.0025,0.015,0.014331,0.014331,9056.4,9056.4,0.0011197,0.0011197,0.0060643,0.022262,0.022262,3078.4,3078.4,1
336,1010,0.0015,0.0015,0.01,-9.9449e-05,-9.9449e-05,6345.3,6345.3,0.003,0.003,0.02,0.058859,0.058859,9520,9520,0.0015,0.0015,0.01,-9.6778e-05,-9.6778e-05,7468.7,7468.7,0,0,0,-0.052077,-0.052077,601.6,601.6,0.0005,0.0005,0.005,-0.014268,-0.014268,4014.3,4014.3,0.0025,0.0025,0.015,0.01437,0.01437,9008.9,9008.9,0.0011197,0.0011197,0.0060643,0.021904,0.021904,3027.9,3027.9,1
336,1020,0.0015,0.0015,0.01,-9.3091e-05,-9.3091e-05,6344.5,6344.5,0.003,0.003,0.02,0.058836,0.058836,9466.3,9466.3,0.0015,0.0015,0.01,6.7824e-06,6.7824e-06,7446.5,7446.5,0,0,0,-0.052093,-0.052093,674.24,674.24,0.0005,0.0005,0.005,-0.013645,-0.013645,4066.7,4066.7,0.0025,0.0025,0.015,0.013681,0.013681,8961.9,8961.9,0.0011197,0.0011197,0.0060643,0.021567,0.021567,2977.6,2977.6,1
336,1030,0.0015,0.0015,0.01,-8.7346e-05,-8.7346e-05,6343.7,6343.7,0.003,0.003,0.02,0.058752,0.058752,9413.2,9413.2,0.0015,0.0015,0.01,3.9925e-05,3.9925e-05,7424.2,7424.2,0,0,0,-0.052053,-0.052053,747.94,747.94,0.0005,0.0005,0.005,-0.013479,-0.013479,4117.4,4117.4,0.0025,0.0025,0.015,0.01347,0.01347,8915.4,8915.4,0.0011197,0.0011197,0.0060643,0.021252,0.021252,2927.6,2927.6,1
336,1040,0.0015,0.0015,0.01,-8.2196e-05,-8.2196e-05,6342.7,6342.7,0.003,0.003,0.02,0.05861,0.05861,9360.7,9360.7,0.0015,0.0015,0.01,0.00014108,0.00014108,7401.8,7401.8,0,0,0,-0.051963,-0.051963,822.62,822.62,0.0005,0.0005,0.005,-0.012905,-0.012905,4166.4,4166.4,0.0025,0.0025,0.015,0.012858,0.012858,8869.3,8869.3,0.0011197,0.0011197,0.0060643,0.020958,0.020958,2877.9,2877.9,1
336,1050,0.0015,0.0015,0.01,-7.7613e-05,-7.7613e-05,6341.7,6341.7,0.003,0.003,0.02,0.058415,0.058415,9308.8,9308.8,0.0015,0.0015,0.01,7.5525e-05,7.5525e-05,7379.4,7379.4,0,0,0,-0.051826,-0.051826,898.24,898.24,0.0005,0.0005,0.005,-0.012558,-0.012558,4213.7,4213.7,0.0025,0.0025,0.015,0.012874,0.012874,8823.8,8823.8,0.0011197,0.0011197,0.0060643,0.020683,0.020683,2828.5,2828.5,1
336,1060,0.0015,0.0015,0.01,-7.3571e-05,-7.3571e-05,6340.7,6340.7,0.003,0.003,0.02,0.058169,0.058169,9257.4,9257.4,0.0015,0.0015,0.01,2.4455e-05,2.4455e-05,7357,7357,0,0,0,-0.051645,-0.051645,974.72,974.72,0.0005,0.0005,0.005,-0.012371,-0.012371,4259.5,4259.5,0.0025,0.0025,0.015,0.012496,0.012496,8778.7,8778.7,0.0011197,0.0011197,0.0060643,0.020425,0.020425,2779.4,2779.4,1
336,1070,0.0015,0.0015,0.01,-7.0025e-05,-7.0025e-05,6339.6,6339.6,0.003,0.003,0.02,0.057876,0.057876,9206.7,9206.7,0.0015,0.0015,0.01,6.3529e-05,6.3529e-05,7334.7,7334.7,0,0,0,-0.051421,-0.051421,1052,1052,0.0005,0.0005,0.005,-0.011927,-0.011927,4303.7,4303.7,0.0025,0.0025,0.015,0.011816,0.011816,8734,8734,0.0011197,0.0011197,0.0060643,0.020185,0.020185,2730.7,2730.7,1
336,1080,0.0015,0.0015,0.01,-6.6963e-05,-6.6963e-05,6338.5,6338.5,0.003,0.003,0.02,0.057538,0.057538,9156.5,9156.5,0.0015,0.0015,0.01,-2.7495e-06,-2.7495e-06,7312.4,7312.4,0,0,0,-0.051157,-0.051157,1130,1130,0.0005,0.0005,0.005,-0.011908,-0.011908,4346.5,4346.5,0.0025,0.0025,0.015,0.011523,0.011523,8689.9,8689.9,0.0011197,0.0011197,0.0060643,0.019959,0.019959,2682.3,2682.3,1
336,1090,0.0015,0.0015,0.01,-6.4334e-05,-6.4334e-05,6337.3,6337.3,0.003,0.003,0.02,0.057156,0.057156,9106.9,9106.9,0.0015,0.0015,0.01,3.4556e-05,3.4556e-05,7290.2,7290.2,0,0,0,-0.050854,-0.050854,1208.6,1208.6,0.0005,0.0005,0.005,-0.01176,-0.01176,4388,4388,0.0025,0.0025,0.015,0.011644,0.011644,8646.2,8646.2,0.0011197,0.0011197,0.0060643,0.019747,0.019747,2634.3,2634.3,1
336,1100,0.0015,0.0015,0.01,-6.2112e-05,-6.2112e-05,6336.1,6336.1,0.003,0.003,0.02,0.056735,0.056735,9057.8,9057.8,0.0015,0.0015,0.01,5.9447e-06,5.9447e-06,7268.1,7268.1,0,0,0,-0.050516,-0.050516,1287.8,1287.8,0.0005,0.0005,0.005,-0.011154,-0.011154,4428.1,4428.1,0.0025,0.0025,0.015,0.01174,0.01174,8603,8603,0.0011197,0.0011197,0.0060643,0.019548,0.019548,2586.7,2586.7,1
336,1110,0.0015,0.0015,0.01,-6.026e-05,-6.026e-05,6334.8,6334.8,0.003,0.003,0.02,0.056275,0.056275,9009.3,9009.3,0.0015,0.0015,0.01,-0.00012637,-0.00012637,7246.2,7246.2,0,0,0,-0.050143,-0.050143,1367.4,1367.4,0.0005,0.0005,0.005,-0.010989,-0.010989,4467,4467,0.0025,0.0025,0.015,0.011539,0.011539,8560.3,8560.3,0.0011197,0.0011197,0.0060643,0.019359,0.019359,2539.5,2539.5,1
336,1120,0.0015,0.0015,0.01,-5.8737e-05,-5.8737e-05,6333.5,6333.5,0.003,0.003,0.02,0.055781,0.055781,8961.3,8961.3,0.0015,0.0015,0.01,-0.00010807,-0.00010807,7224.3,7224.3,0,0,0,-0.049739,-0.049739,1447.5,1447.5,0.0005,0.0005,0.005,-0.010761,-0.010761,4504.6,4504.6,0.0025,0.0025,0.015,0.010954,0.010954,8518,8518,0.0011197,0.0011197,0.0060643,0.019179,0.019179,2492.7,2492.7,1
336,1130,0.0015,0.0015,0.01,-5.7507e-05,-5.7507e-05,6332.2,6332.2,0.003,0.003,0.02,0.055254,0.055254,8913.9,8913.9,0.0015,0.0015,0.01,-0.00010442,-0.00010442,7202.7,7202.7,0,0,0,-0.049323,-0.049323,1527.9,1527.9,0.0005,0.0005,0.005,-0.010539,-0.010539,4541.2,4541.2,0.0025,0.0025,0.015,0.010927,0.010927,8476.2,8476.2,0.0011197,0.0011197,0.0060643,0.019008,0.019008,2446.3,2446.3,1
336,1140,0.0015,0.0015,0.01,-5.6535e-05,-5.6535e-05,6330.9,6330.9,0.003,0.003,0.02,0.054697,0.054697,8867,8867,0.0015,0.0015,0.01,-0.00011345,-0.00011345,7181.2,7181.2,0,0,0,-0.048923,-0.048923,1608.5,1608.5,0.0005,0.0005,0.005,-0.010581,-0.010581,4576.7,4576.7,0.0025,0.0025,0.015,0.010643,0.010643,8434.9,8434.9,0.0011197,0.0011197,0.0060643,0.018843,0.018843,2400.4,2400.4,1
336,1150,0.0015,0.0015,0.01,-5.5789e-05,-5.5789e-05,6329.5,6329.5,0.003,0.003,0.02,0.054158,0.054158,8820.7,8820.7,0.0015,0.0015,0.01,2.6512e-05,2.6512e-05,7160,7160,0,0,0,-0.04849,-0.04849,1689.3,1689.3,0.0005,0.0005,0.005,-0.010473,-0.010473,4611.2,4611.2,0.0025,0.0025,0.015,0.010464,0.010464,8394,8394,0.0011197,0.0011197,0.0060643,0.018683,0.018683,2354.9,2354.9,1
336,1160,0.0015,0.0015,0.01,-5.5221e-05,-5.5221e-05,6328.1,6328.1,0.003,0.003,0.02,0.053591,0.053591,8774.8,8774.8,0.0015,0.0015,0.01,-2.5434e-05,-2.5434e-05,7138.9,7138.9,0,0,0,-0.048029,-0.048029,1770.2,1770.2,0.0005,0.0005,0.005,-0.010495,-0.010495,4644.7,4644.7,0.0025,0.0025,0.015,0.010262,0.010262,8353.7,8353.7,0.0011197,0.0011197,0.0060643,0.018528,0.018528,2309.8,2309.8,1
336,1170,0.0015,0.0015,0.01,-5.4802e-05,-5.4802e-05,6326.7,6326.7,0.003,0.003,0.02,0.052998,0.052998,8729.5,8729.5,0.0015,0.0015,0.01,-0.00012649,-0.00012649,7118.1,7118.1,0,0,0,-0.047543,-0.047543,1851.1,1851.1,0.0005,0.0005,0.005,-0.010291,-0.010291,4677.3,4677.3,0.0025,0.0025,0.015,0.010176,0.010176,8313.8,8313.8,0.0011197,0.0011197,0.0060643,0.018375,0.018375,2265.3,2265.3,1
336,1180,0.0015,0.0015,0.01,-5.4496e-05,-5.4496e-05,6325.3,6325.3,0.003,0.003,0.02,0.052382,0.052382,8684.8,8684.8,0.0015,0.0015,0.01,-5.3925e-05,-5.3925e-05,7097.6,7097.6,0,0,0,-0.047033,-0.047033,1931.9,1931.9,0.0005,0.0005,0.005,-0.010092,-0.010092,4709.1,4709.1,0.0025,0.0025,0.015,0.0099152,0.0099152,8274.4,8274.4,0.0011197,0.0011197,0.0060643,0.018223,0.018223,2221.2,2221.2,1
336,1190,0.0015,0.0015,0.01,-5.4276e-05,-5.4276e-05,6323.9,6323.9,0.003,0.003,0.02,0.051746,0.051746,8640.5,8640.5,0.0015,0.0015,0.01,1.3309e-05,1.3309e-05,7077.3,7077.3,0,0,0,-0.046503,-0.046503,2012.6,2012.6,0.0005,0.0005,0.005,-0.0099927,-0.0099927,4740.1,4740.1,0.0025,0.0025,0.015,0.0094979,0.0094979,8235.4,8235.4,0.0011197,0.0011197,0.0060643,0.018071,0.018071,2177.6,2177.6,1
336,1200,0.0015,0.0015,0.01,-5.4103e-05,-5.4103e-05,6322.4,6322.4,0.003,0.003,0.02,0.051092,0.051092,8596.8,8596.8,0.0015,0.0015,0.01,-0.00011398,-0.00011398,7057.2,7057.2,0,0,0,-0.045955,-0.045955,2093,2093,0.0005,0.0005,0.005,-0.010087,-0.010087,4770.3,4770.3,0.0025,0.0025,0.015,0.0091985,0.0091985,8197,8197,0.0011197,0.0011197,0.0060643,0.017918,0.017918,2134.5,2134.5,1
336,1210,0.0015,0.0015,0.01,-5.3966e-05,-5.3966e-05,6321,6321,0.003,0.003,0.02,0.050424,0.050424,8553.5,8553.5,0.0015,0.0015,0.01,-3.3309e-05,-3.3309e-05,7037.5,7037.5,0,0,0,-0.045392,-0.045392,2173.1,2173.1,0.0005,0.0005,0.005,-0.010158,-0.010158,4799.8,4799.8,0.0025,0.0025,0.015,0.0090407,0.0090407,8159,8159,0.0011197,0.0011197,0.0060643,0.017763,0.017763,2092,2092,1
336,1220,0.0015,0.0015,0.01,-5.382e-05,-5.382e-05,6319.6,6319.6,0.003,0.003,0.02,0.049744,0.049744,8510.8,8510.8,0.0015,0.0015,0.01,4.0098e-05,4.0098e-05,7018,7018,0,0,0,-0.044816,-0.044816,2252.9,2252.9,0.0005,0.0005,0.005,-0.010356,-0.010356,4828.6,4828.6,0.0025,0.0025,0.015,0.0089042,0.0089042,8121.5,8121.5,0.0011197,0.0011197,0.0060643,0.017604,0.017604,2049.9,2049.9,1
336,1230,0.0015,0.0015,0.01,-5.366e-05,-5.366e-05,6318.1,6318.1,0.003,0.003,0.02,0.049054,0.049054,8468.6,8468.6,0.0015,0.0015,0.01,3.542e-05,3.542e-05,6998.9,6998.9,0,0,0,-0.044229,-0.044229,2332.2,2332.2,0.0005,0.0005,0.005,-0.010219,-0.010219,4856.8,4856.8,0.0025,0.0025,0.015,0.0087937,0.0087937,8084.5,8084.5,0.0011197,0.0011197,0.0060643,0.017441,0.017441,2008.4,2008.4,1
336,1240,0.0015,0.0015,0.01,-5.3458e-05,-5.3458e-05,6316.7,6316.7,0.003,0.003,0.02,0.048356,0.048356,8426.9,8426.9,0.0015,0.0015,0.01,-3.6972e-05,-3.6972e-05,6980,6980,0,0,0,-0.043632,-0.043632,2411.1,2411.1,0.0005,0.0005,0.005,-0.010139,-0.010139,4884.4,4884.4,0.0025,0.0025,0.015,0.0087089,0.0087089,8048,8048,0.0011197,0.0011197,0.0060643,0.017273,0.017273,1967.4,1967.4,1
336,1250,0.0015,0.0015,0.01,-5.3204e-05,-5.3204e-05,6315.3,6315.3,0.003,0.003,0.02,0.047651,0.047651,8385.8,8385.8,0.0015,0.0015,0.01,-0.0001016,-0.0001016,6961.5,6961.5,0,0,0,-0.043027,-0.043027,2489.3,2489.3,0.0005,0.0005,0.005,-0.010311,-0.010311,4911.4,4911.4,0.0025,0.0025,0.015,0.0086079,0.0086079,8011.9,8011.9,0.0011197,0.0011197,0.0060643,0.017099,0.017099,1927,1927,1
336,1260,0.0015,0.0015,0.01,-5.2877e-05,-5.2877e-05,6313.8,6313.8,0.003,0.003,0.02,0.046943,0.046943,8345.1,8345.1,0.0015,0.0015,0.01,1.7556e-05,1.7556e-05,6943.2,6943.2,0,0,0,-0.042416,-0.042416,2567,2567,0.0005,0.0005,0.005,-0.010228,-0.010228,4937.8,4937.8,0.0025,0.0025,0.015,0.008506,0.008506,7976.4,7976.4,0.0011197,0.0011197,0.0060643,0.016919,0.016919,1887.1,1887.1,1
336,1270,0.0015,0.0015,0.01,-5.2471e-05,-5.2471e-05,6312.4,6312.4,0.003,0.003,0.02,0.046232,0.046232,8304.9,8304.9,0.0015,0.0015,0.01,9.2426e-06,9.2426e-06,6925.3,6925.3,0,0,0,-0.041801,-0.041801,2643.9,2643.9,0.0005,0.0005,0.005,-0.010039,-0.010039,4963.7,4963.7,0.0025,0.0025,0.015,0.0083983,0.0083983,7941.3,7941.3,0.0011197,0.0011197,0.0060643,0.016732,0.016732,1847.8,1847.8,1
336,1280,0.0015,0.0015,0.01,-5.1984e-05,-5.1984e-05,6311,6311,0.003,0.003,0.02,0.045519,0.045519,8265.3,8265.3,0.0015,0.0015,0.01,-2.7635e-05,-2.7635e-05,6907.7,6907.7,0,0,0,-0.041182,-0.041182,2720.1,2720.1,0.0005,0.0005,0.005,-0.0099675,-0.0099675,4989.1,4989.1,0.0025,0.0025,0.015,0.008285,0.008285,7906.7,7906.7,0.0011197,0.0011197,0.0060643,0.016538,0.016538,1809,1809,1
336,1290,0.0015,0.0015,0.01,-5.1407e-05,-5.1407e-05,6309.6,6309.6,0.003,0.003,0.02,0.044805,0.044805,8226.1,8226.1,0.0015,0.0015,0.01,1.2943e-05,1.2943e-05,6890.5,6890.5,0,0,0,-0.04056,-0.04056,2795.6,2795.6,0.0005,0.0005,0.005,-0.0096936,-0.0096936,5014.1,5014.1,0.0025,0.0025,0.015,0.0081665,0.0081665,7872.7,7872.7,0.0011197,0.0011197,0.0060643,0.016337,0.016337,1770.8,1770.8,1
336,1300,0.0015,0.0015,0.01,-5.0736e-05,-5.0736e-05,6308.3,6308.3,0.003,0.003,0.02,0.044092,0.044092,8187.5,8187.5,0.0015,0.0015,0.01,4.8945e-05,4.8945e-05,6873.6,6873.6,0,0,0,-0.039937,-0.039937,2870.2,2870.2,0.0005,0.0005,0.005,-0.0096126,-0.0096126,5038.6,5038.6,0.0025,0.0025,0.015,0.0080434,0.0080434,7839.1,7839.1,0.0011197,0.0011197,0.0060643,0.016129,0.016129,1733.1,1733.1,1
336,1310,0.0015,0.0015,0.01,-4.9964e-05,-4.9964e-05,6306.9,6306.9,0.003,0.003,0.02,0.043381,0.043381,8149.4,8149.4,0.0015,0.0015,0.01,4.994e-05,4.994e-05,6857,6857,0,0,0,-0.039313,-0.039313,2943.9,2943.9,0.0005,0.0005,0.005,-0.0095418,-0.0095418,5062.6,5062.6,0.0025,0.0025,0.015,0.0079135,0.0079135,7806,7806,0.0011197,0.0011197,0.0060643,0.015914,0.015914,1696,1696,1
336,1320,0.0015,0.0015,0.01,-4.9108e-05,-4.9108e-05,6305.6,6305.6,0.003,0.003,0.02,0.042671,0.042671,8111.8,8111.8,0.0015,0.0015,0.01,-4.5062e-05,-4.5062e-05,6840.7,6840.7,0,0,0,-0.038689,-0.038689,3016.8,3016.8,0.0005,0.0005,0.005,-0.0094927,-0.0094927,5086.2,5086.2,0.0025,0.0025,0.015,0.0077706,0.0077706,7773.3,7773.3,0.0011197,0.0011197,0.0060643,0.015692,0.015692,1659.5,1659.5,1
336,1330,0.0015,0.0015,0.01,-4.8166e-05,-4.8166e-05,6304.2,6304.2,0.003,0.003,0.02,0.041965,0.041965,8074.7,8074.7,0.0015,0.0015,0.01,4.6256e-06,4.6256e-06,6824.8,6824.8,0,0,0,-0.038066,-0.038066,3088.7,3088.7,0.0005,0.0005,0.005,-0.0094913,-0.0094913,5109.5,5109.5,0.0025,0.0025,0.015,0.0076212,0.0076212,7741.2,7741.2,0.0011197,0.0011197,0.0060643,0.015464,0.015464,1623.5,1623.5,1
336,1340,0.0015,0.0015,0.01,-4.7139e-05,-4.7139e-05,6302.9,6302.9,0.003,0.003,0.02,0.041262,0.041262,8038.1,8038.1,0.0015,0.0015,0.01,0.00010434,0.00010434,6809.3,6809.3,0,0,0,-0.037444,-0.037444,3159.6,3159.6,0.0005,0.0005,0.005,-0.0093434,-0.0093434,5132.3,5132.3,0.0025,0.0025,0.015,0.0074916,0.0074916,7709.6,7709.6,0.0011197,0.0011197,0.0060643,0.01523,0.01523,1588.1,1588.1,1
336,1350,0.0015,0.0015,0.01,-4.6034e-05,-4.6034e-05,6301.7,6301.7,0.003,0.003,0.02,0.040562,0.040562,8002,8002,0.0015,0.0015,0.01,3.388e-05,3.388e-05,6794,6794,0,0,0,-0.036825,-0.036825,3229.5,3229.5,0.0005,0.0005,0.005,-0.0092492,-0.0092492,5154.7,5154.7,0.0025,0.0025,0.015,0.0073798,0.0073798,7678.4,7678.4,0.0011197,0.0011197,0.0060643,0.014991,0.014991,1553.3,1553.3,1
336,1360,0.0015,0.0015,0.01,-4.4862e-05,-4.4862e-05,6300.4,6300.4,0.003,0.003,0.02,0.039867,0.039867,7966.4,7966.4,0.0015,0.0015,0.01,-3.1048e-05,-3.1048e-05,6779.1,6779.1,0,0,0,-0.036208,-0.036208,3298.4,3298.4,0.0005,0.0005,0.005,-0.0091194,-0.0091194,5176.8,5176.8,0.0025,0.0025,0.015,0.0072449,0.0072449,7647.8,7647.8,0.0011197,0.0011197,0.0060643,0.014746,0.014746,1519,1519,1
336,1370,0.0015,0.0015,0.01,-4.3629e-05,-4.3629e-05,6299.2,6299.2,0.003,0.003,0.02,0.039177,0.039177,7931.3,7931.3,0.0015,0.0015,0.01,-8.0094e-05,-8.0094e-05,6764.6,6764.6,0,0,0,-0.035593,-0.035593,3366.2,3366.2,0.0005,0.0005,0.005,-0.0089796,-0.0089796,5198.6,5198.6,0.0025,0.0025,0.015,0.0071769,0.0071769,7617.6,7617.6,0.0011197,0.0011197,0.0060643,0.014498,0.014498,1485.3,1485.3,1
336,1380,0.0015,0.0015,0.01,-4.2337e-05,-4.2337e-05,6298,6298,0.003,0.003,0.02,0.038491,0.038491,7896.8,7896.8,0.0015,0.0015,0.01,-2.584e-05,-2.584e-05,6750.4,6750.4,0,0,0,-0.034982,-0.034982,3432.9,3432.9,0.0005,0.0005,0.005,-0.0088259,-0.0088259,5219.9,5219.9,0.0025,0.0025,0.015,0.0071088,0.0071088,7587.9,7587.9,0.0011197,0.0011197,0.0060643,0.014245,0.014245,1452.2,1452.2,1
336,1390,0.0015,0.0015,0.01,-4.1004e-05,-4.1004e-05,6296.8,6296.8,0.003,0.003,0.02,0.037811,0.037811,7862.7,7862.7,0.0015,0.0015,0.01,-4.7685e-06,-4.7685e-06,6736.5,6736.5,0,0,0,-0.034375,-0.034375,3498.6,3498.6,0.0005,0.0005,0.005,-0.0086596,-0.0086596,5241,5241,0.0025,0.0025,0.015,0.0069657,0.0069657,7558.7,7558.7,0.0011197,0.0011197,0.0060643,0.01399,0.01399,1419.7,1419.7,1
336,1400,0.0015,0.0015,0.01,-3.9622e-05,-3.9622e-05,6295.6,6295.6,0.003,0.003,0.02,0.037137,0.037137,7829.1,7829.1,0.0015,0.0015,0.01,-1.567e-05,-1.567e-05,6722.9,6722.9,0,0,0,-0.033772,-0.033772,3563.2,3563.2,0.0005,0.0005,0.005,-0.0084824,-0.0084824,5261.7,5261.7,0.0025,0.0025,0.015,0.0068148,0.0068148,7530,7530,0.0011197,0.0011197,0.0060643,0.013732,0.013732,1387.7,1387.7,1
336,1410,0.0015,0.0015,0.01,-3.8227e-05,-3.8227e-05,6294.5,6294.5,0.003,0.003,0.02,0.036467,0.036467,7796.1,7796.1,0.0015,0.0015,0.01,-2.9473e-05,-2.9473e-05,6709.7,6709.7,0,0,0,-0.033173,-0.033173,3626.6,3626.6,0.0005,0.0005,0.005,-0.0083143,-0.0083143,5282.1,5282.1,0.0025,0.0025,0.015,0.0066644,0.0066644,7501.8,7501.8,0.0011197,0.0011197,0.0060643,0.013472,0.013472,1356.3,1356.3,1
336,1420,0.0015,0.0015,0.01,-3.6798e-05,-3.6798e-05,6293.3,6293.3,0.003,0.003,0.02,0.035804,0.035804,7763.5,7763.5,0.0015,0.0015,0.01,-4.2809e-05,-4.2809e-05,6696.8,6696.8,0,0,0,-0.032578,-0.032578,3688.9,3688.9,0.0005,0.0005,0.005,-0.0081485,-0.0081485,5302.2,5302.2,0.0025,0.0025,0.015,0.0065147,0.0065147,7474,7474,0.0011197,0.0011197,0.0060643,0.013211,0.013211,1325.4,1325.4,1
336,1430,0.0015,0.0015,0.01,-3.5359e-05,-3.5359e-05,6292.2,6292.2,0.003,0.003,0.02,0.035147,0.035147,7731.5,7731.5,0.0015,0.0015,0.01,-5.1357e-05,-5.1357e-05,6684.2,6684.2,0,0,0,-0.031988,-0.031988,3750.1,3750.1,0.0005,0.0005,0.005,-0.0079539,-0.0079539,5321.9,5321.9,0.0025,0.0025,0.015,0.0063658,0.0063658,7446.7,7446.7,0.0011197,0.0011197,0.0060643,0.012949,0.012949,1295.2,1295.2,1
336,1440,0.0015,0.0015,0.01,-3.3917e-05,-3.3917e-05,6291.2,6291.2,0.003,0.003,0.02,0.034496,0.034496,7700,7700,0.0015,0.0015,0.01,-5.5598e-05,-5.5598e-05,6672,6672,0,0,0,-0.031404,-0.031404,3810.2,3810.2,0.0005,0.0005,0.005,-0.0077604,-0.0077604,5341.4,5341.4,0.0025,0.0025,0.015,0.006213,0.006213,7419.9,7419.9,0.0011197,0.0011197,0.0060643,0.012687,0.012687,1265.4,1265.4,1
336,1450,0.0015,0.0015,0.01,-3.2471e-05,-3.2471e-05,6290.1,6290.1,0.003,0.003,0.02,0.033852,0.033852,7668.9,7668.9,0.0015,0.0015,0.01,-4.0538e-05,-4.0538e-05,6660,6660,0,0,0,-0.030824,-0.030824,3869.1,3869.1,0.0005,0.0005,0.005,-0.0075683,-0.0075683,5360.5,5360.5,0.0025,0.0025,0.015,0.0060638,0.0060638,7393.6,7393.6,0.0011197,0.0011197,0.0060643,0.012426,0.012426,1236.2,1236.2,1
336,1460,0.0015,0.0015,0.01,-3.1033e-05,-3.1033e-05,6289.1,6289.1,0.003,0.003,0.02,0.033214,0.033214,7638.3,7638.3,0.0015,0.0015,0.01,-2.5142e-05,-2.5142e-05,6648.4,6648.4,0,0,0,-0.03025,-0.03025,3926.9,3926.9,0.0005,0.0005,0.005,-0.0074378,-0.0074378,5379.3,5379.3,0.0025,0.0025,0.015,0.0059231,0.0059231,7367.7,7367.7,0.0011197,0.0011197,0.0060643,0.012165,0.012165,1207.6,1207.6,1
336,1470,0.0015,0.0015,0.01,-2.9605e-05,-2.9605e-05,6288.1,6288.1,0.003,0.003,0.02,0.032582,0.032582,7608.3,7608.3,0.0015,0.0015,0.01,-1.1609e-05,-1.1609e-05,6637,6637,0,0,0,-0.029682,-0.029682,3983.5,3983.5,0.0005,0.0005,0.005,-0.0073072,-0.0073072,5397.9,5397.9,0.0025,0.0025,0.015,0.005784,0.005784,7342.3,7342.3,0.0011197,0.0011197,0.0060643,0.011906,0.011906,1179.5,1179.5,1
336,1480,0.0015,0.0015,0.01,-2.8198e-05,-2.8198e-05,6287.2,6287.2,0.003,0.003,0.02,0.031958,0.031958,7578.7,7578.7,0.0015,0.0015,0.01,2.0952e-07,2.0952e-07,6626,6626,0,0,0,-0.029119,-0.029119,4039,4039,0.0005,0.0005,0.005,-0.0071586,-0.0071586,5416.1,5416.1,0.0025,0.0025,0.015,0.0056467,0.0056467,7317.4,7317.4,0.0011197,0.0011197,0.0060643,0.011648,0.011648,1151.9,1151.9,1
336,1490,0.0015,0.0015,0.01,-2.6812e-05,-2.6812e-05,6286.2,6286.2,0.003,0.003,0.02,0.03134,0.03134,7549.6,7549.6,0.0015,0.0015,0.01,1.0463e-05,1.0463e-05,6615.3,6615.3,0,0,0,-0.028562,-0.028562,4093.4,4093.4,0.0005,0.0005,0.005,-0.0070085,-0.0070085,5434.1,5434.1,0.0025,0.0025,0.015,0.0054949,0.0054949,7292.9,7292.9,0.0011197,0.0011197,0.0060643,0.011393,0.011393,1124.9,1124.9,1
336,1500,0.0015,0.0015,0.01,-2.5452e-05,-2.5452e-05,6285.3,6285.3,0.003,0.003,0.02,0.030729,0.030729,7521.1,7521.1,0.0015,0.0015,0.01,-2.8688e-06,-2.8688e-06,6604.8,6604.8,0,0,0,-0.028011,-0.028011,4146.6,4146.6,0.0005,0.0005,0.005,-0.0068575,-0.0068575,5451.8,5451.8,0.0025,0.0025,0.015,0.0053058,0.0053058,7268.9,7268.9,0.0011197,0.0011197,0.0060643,0.01114,0.01114,1098.4,1098.4,1
336,1510,0.0015,0.0015,0.01,-2.4121e-05,-2.4121e-05,6284.4,6284.4,0.003,0.003,0.02,0.030125,0.030125,7493,7493,0.0015,0.0015,0.01,-2.7508e-06,-2.7508e-06,6594.7,6594.7,0,0,0,-0.027466,-0.027466,4198.8,4198.8,0.0005,0.0005,0.005,-0.006706,-0.006706,5469.1,5469.1,0.0025,0.0025,0.015,0.0051326,0.0051326,7245.3,7245.3,0.0011197,0.0011197,0.0060643,0.01089,0.01089,1072.4,1072.4,1
336,1520,0.0015,0.0015,0.01,-2.2827e-05,-2.2827e-05,6283.5,6283.5,0.003,0.003,0.02,0.029529,0.029529,7465.4,7465.4,0.0015,0.0015,0.01,1.2092e-05,1.2092e-05,6584.8,6584.8,0,0,0,-0.026928,-0.026928,4249.8,4249.8,0.0005,0.0005,0.005,-0.0065544,-0.0065544,5486.2,5486.2,0.0025,0.0025,0.015,0.0049926,0.0049926,7222.2,7222.2,0.0011197,0.0011197,0.0060643,0.010643,0.010643,1047,1047,1
336,1530,0.0015,0.0015,0.01,-2.1566e-05,-2.1566e-05,6282.7,6282.7,0.003,0.003,0.02,0.028939,0.028939,7438.2,7438.2,0.0015,0.0015,0.01,2.6815e-05,2.6815e-05,6575.1,6575.1,0,0,0,-0.026395,-0.026395,4299.8,4299.8,0.0005,0.0005,0.005,-0.0063696,-0.0063696,5503,5503,0.0025,0.0025,0.015,0.0048664,0.0048664,7199.6,7199.6,0.0011197,0.0011197,0.0060643,0.010399,0.010399,1022.1,1022.1,1
336,1540,0.0015,0.0015,0.01,-2.0349e-05,-2.0349e-05,6281.8,6281.8,0.003,0.003,0.02,0.028357,0.028357,7411.6,7411.6,0.0015,0.0015,0.01,2.1497e-05,2.1497e-05,6565.8,6565.8,0,0,0,-0.025869,-0.025869,4348.6,4348.6,0.0005,0.0005,0.005,-0.0062282,-0.0062282,5519.6,5519.6,0.0025,0.0025,0.015,0.0047696,0.0047696,7177.3,7177.3,0.0011197,0.0011197,0.0060643,0.010159,0.010159,997.62,997.62,1
336,1550,0.0015,0.0015,0.01,-1.9165e-05,-1.9165e-05,6281,6281,0.003,0.003,0.02,0.027782,0.027782,7385.4,7385.4,0.0015,0.0015,0.01,1.7337e-05,1.7337e-05,6556.7,6556.7,0,0,0,-0.02535,-0.02535,4396.4,4396.4,0.0005,0.0005,0.005,-0.0060856,-0.0060856,5535.8,5535.8,0.0025,0.0025,0.015,0.0046377,0.0046377,7155.6,7155.6,0.0011197,0.0011197,0.0060643,0.0099228,0.0099228,973.69,973.69,1
336,1560,0.0015,0.0015,0.01,-1.8022e-05,-1.8022e-05,6280.2,6280.2,0.003,0.003,0.02,0.027215,0.027215,7359.7,7359.7,0.0015,0.0015,0.01,1.4164e-05,1.4164e-05,6547.9,6547.9,0,0,0,-0.024837,-0.024837,4443.2,4443.2,0.0005,0.0005,0.005,-0.0059497,-0.0059497,5551.8,5551.8,0.0025,0.0025,0.015,0.0045085,0.0045085,7134.2,7134.2,0.0011197,0.0011197,0.0060643,0.0096902,0.0096902,950.25,950.25,1
336,1570,0.0015,0.0015,0.01,-1.6927e-05,-1.6927e-05,6279.5,6279.5,0.003,0.003,0.02,0.026655,0.026655,7334.5,7334.5,0.0015,0.0015,0.01,1.1835e-05,1.1835e-05,6539.3,6539.3,0,0,0,-0.024331,-0.024331,4488.8,4488.8,0.0005,0.0005,0.005,-0.0058248,-0.0058248,5567.5,5567.5,0.0025,0.0025,0.015,0.0043821,0.0043821,7113.3,7113.3,0.0011197,0.0011197,0.0060643,0.0094616,0.0094616,927.3,927.3,1
336,1580,0.0015,0.0015,0.01,-1.5869e-05,-1.5869e-05,6278.7,6278.7,0.003,0.003,0.02,0.026102,0.026102,7309.7,7309.7,0.0015,0.0015,0.01,1.0291e-05,1.0291e-05,6531,6531,0,0,0,-0.023832,-0.023832,4533.5,4533.5,0.0005,0.0005,0.005,-0.0057124,-0.0057124,5582.9,5582.9,0.0025,0.0025,0.015,0.0042585,0.0042585,7092.8,7092.8,0.0011197,0.0011197,0.0060643,0.009237,0.009237,904.84,904.84,1
336,1590,0.0015,0.0015,0.01,-1.4855e-05,-1.4855e-05,6278,6278,0.003,0.003,0.02,0.025557,0.025557,7285.4,7285.4,0.0015,0.0015,0.01,9.3614e-06,9.3614e-06,6522.9,6522.9,0,0,0,-0.023339,-0.023339,4577.1,4577.1,0.0005,0.0005,0.005,-0.0055953,-0.0055953,5598.1,5598.1,0.0025,0.0025,0.015,0.0041328,0.0041328,7072.7,7072.7,0.0011197,0.0011197,0.0060643,0.0090166,0.0090166,882.84,882.84,1
336,1600,0.0015,0.0015,0.01,-1.3884e-05,-1.3884e-05,6277.3,6277.3,0.003,0.003,0.02,0.02502,0.02502,7261.5,7261.5,0.0015,0.0015,0.01,8.9837e-06,8.9837e-06,6515,6515,0,0,0,-0.022853,-0.022853,4619.8,4619.8,0.0005,0.0005,0.005,-0.0054735,-0.0054735,5613,5613,0.0025,0.0025,0.015,0.0039611,0.0039611,7053,7053,0.0011197,0.0011197,0.0060643,0.0088004,0.0088004,861.32,861.32,1
336,1610,0.0015,0.0015,0.01,-1.2959e-05,-1.2959e-05,6276.7,6276.7,0.003,0.003,0.02,0.024491,0.024491,7238.1,7238.1,0.0015,0.0015,0.01,9.075e-06,9.075e-06,6507.4,6507.4,0,0,0,-0.022374,-0.022374,4661.4,4661.4,0.0005,0.0005,0.005,-0.0052947,-0.0052947,5627.6,5627.6,0.0025,0.0025,0.015,0.003856,0.003856,7033.7,7033.7,0.0011197,0.0011197,0.0060643,0.0085883,0.0085883,840.26,840.26,1
336,1620,0.0015,0.0015,0.01,-1.2075e-05,-1.2075e-05,6276,6276,0.003,0.003,0.02,0.023969,0.023969,7215.2,7215.2,0.0015,0.0015,0.01,9.542e-06,9.542e-06,6500,6500,0,0,0,-0.021902,-0.021902,4702.1,4702.1,0.0005,0.0005,0.005,-0.0051511,-0.0051511,5641.9,5641.9,0.0025,0.0025,0.015,0.0037173,0.0037173,7014.8,7014.8,0.0011197,0.0011197,0.0060643,0.0083806,0.0083806,819.65,819.65,1
336,1630,0.0015,0.0015,0.01,-1.1231e-05,-1.1231e-05,6275.4,6275.4,0.003,0.003,0.02,0.023455,0.023455,7192.7,7192.7,0.0015,0.0015,0.01,1.0335e-05,1.0335e-05,6492.8,6492.8,0,0,0,-0.021437,-0.021437,4741.8,4741.8,0.0005,0.0005,0.005,-0.0050205,-0.0050205,5656,5656,0.0025,0.0025,0.015,0.0036064,0.0036064,6996.4,6996.4,0.0011197,0.0011197,0.0060643,0.0081771,0.0081771,799.5,799.5,1
336,1640,0.0015,0.0015,0.01,-1.4436e-05,-1.4436e-05,6274.7,6274.7,0.003,0.003,0.02,0.024671,0.024671,7170.6,7170.6,0.0015,0.0015,0.01,3.3731e-05,3.3731e-05,6485.8,6485.8,0,0,0,-0.032993,-0.032993,4780.6,4780.6,0.0005,0.0005,0.005,-0.0069417,-0.0069417,5669.8,5669.8,0.0025,0.0025,0.015,0.0081246,0.0081246,6978.3,6978.3,0.0011197,0.0011197,0.0060643,0.011705,0.011705,779.78,779.78,1
336,1650,0.0015,0.0015,0.01,0.00032679,0.00032679,6274.1,6274.1,0.003,0.003,0.02,0.08291,0.08291,7149,7149,0.0015,0.0015,0.01,2.6976e-05,2.6976e-05,6479,6479,0,0,0,-0.076535,-0.076535,4818.5,4818.5,0.0005,0.0005,0.005,-0.014651,-0.014651,5683.4,5683.4,0.0025,0.0025,0.015,0.014136,0.014136,6960.6,6960.6,0.0011197,0.0011197,0.0060643,0.027256,0.027256,760.5,760.5,1
336,1660,0.0015,0.0015,0.01,0.00021399,0.00021399,6273.5,6273.5,0.003,0.003,0.02,0.077945,0.077945,7127.8,7127.8,0.0015,0.0015,0.01,6.3749e-05,6.3749e-05,6472.4,6472.4,0,0,0,-0.077285,-0.077285,4855.5,4855.5,0.0005,0.0005,0.005,-0.011049,-0.011049,5696.7,5696.7,0.0025,0.0025,0.015,0.01226,0.01226,6943.3,6943.3,0.0011197,0.0011197,0.0060643,0.023847,0.023847,741.65,741.65,1
336,1670,0.0015,0.0015,0.01,0.00024953,0.00024953,6273,6273,0.003,0.003,0.02,0.091225,0.091225,7107,7107,0.0015,0.0015,0.01,4.9046e-05,4.9046e-05,6466.1,6466.1,0,0,0,-0.088173,-0.088173,4891.6,4891.6,0.0005,0.0005,0.005,-0.011009,-0.011009,5709.8,5709.8,0.0025,0.0025,0.015,0.011586,0.011586,6926.4,6926.4,0.0011197,0.0011197,0.0060643,0.027412,0.027412,723.22,723.22,1
336,1680,0.0015,0.0015,0.01,0.00023666,0.00023666,6272.4,6272.4,0.003,0.003,0.02,0.088538,0.088538,7086.7,7086.7,0.0015,0.0015,0.01,-0.00010228,-0.00010228,6459.9,6459.9,0,0,0,-0.085471,-0.085471,4926.8,4926.8,0.0005,0.0005,0.005,-0.010176,-0.010176,5722.6,5722.6,0.0025,0.0025,0.015,0.011622,0.011622,6909.8,6909.8,0.0011197,0.0011197,0.0060643,0.026453,0.026453,705.2,705.2,1
336,1690,0.0015,0.0015,0.01,0.00023284,0.00023284,6271.9,6271.9,0.003,0.003,0.02,0.086988,0.086988,7066.8,7066.8,0.0015,0.0015,0.01,1.8368e-05,1.8368e-05,6453.8,6453.8,0,0,0,-0.083885,-0.083885,4961.1,4961.1,0.0005,0.0005,0.005,-0.0098521,-0.0098521,5735.1,5735.1,0.0025,0.0025,0.015,0.011347,0.011347,6893.6,6893.6,0.0011197,0.0011197,0.0060643,0.025952,0.025952,687.58,687.58,1
336,1700,0.0015,0.0015,0.01,0.00022739,0.00022739,6271.4,6271.4,0.003,0.003,0.02,0.085303,0.085303,7047.2,7047.2,0.0015,0.0015,0.01,8.7782e-05,8.7782e-05,6448,6448,0,0,0,-0.082225,-0.082225,4994.6,4994.6,0.0005,0.0005,0.005,-0.0096097,-0.0096097,5747.4,5747.4,0.0025,0.0025,0.015,0.011033,0.011033,6877.7,6877.7,0.0011197,0.0011197,0.0060643,0.025425,0.025425,670.37,670.37,1
336,1710,0.0015,0.0015,0.01,0.00022138,0.00022138,6270.9,6270.9,0.003,0.003,0.02,0.083534,0.083534,7028.1,7028.1,0.0015,0.0015,0.01,8.9468e-05,8.9468e-05,6442.4,6442.4,0,0,0,-0.080511,-0.080511,5027.4,5027.4,0.0005,0.0005,0.005,-0.0093944,-0.0093944,5759.5,5759.5,0.0025,0.0025,0.015,0.010763,0.010763,6862.2,6862.2,0.0011197,0.0011197,0.0060643,0.024884,0.024884,653.55,653.55,1
336,1720,0.0015,0.0015,0.01,0.0002153,0.0002153,6270.4,6270.4,0.003,0.003,0.02,0.081725,0.081725,7009.4,7009.4,0.0015,0.0015,0.01,3.2813e-05,3.2813e-05,6436.9,6436.9,0,0,0,-0.078773,-0.078773,5059.3,5059.3,0.0005,0.0005,0.005,-0.0090922,-0.0090922,5771.3,5771.3,0.0025,0.0025,0.015,0.010518,0.010518,6847.1,6847.1,0.0011197,0.0011197,0.0060643,0.024339,0.024339,637.12,637.12,1
336,1730,0.0015,0.0015,0.01,0.00020936,0.00020936,6269.9,6269.9,0.003,0.003,0.02,0.079907,0.079907,6991.1,6991.1,0.0015,0.0015,0.01,4.5776e-05,4.5776e-05,6431.5,6431.5,0,0,0,-0.077033,-0.077033,5090.4,5090.4,0.0005,0.0005,0.005,-0.0088635,-0.0088635,5782.9,5782.9,0.0025,0.0025,0.015,0.01029,0.01029,6832.3,6832.3,0.0011197,0.0011197,0.0060643,0.023796,0.023796,621.06,621.06,1
336,1740,0.0015,0.0015,0.01,0.00020362,0.00020362,6269.4,6269.4,0.003,0.003,0.02,0.078096,0.078096,6973.1,6973.1,0.0015,0.0015,0.01,5.64e-05,5.64e-05,6426.4,6426.4,0,0,0,-0.075301,-0.075301,5120.7,5120.7,0.0005,0.0005,0.005,-0.008675,-0.008675,5794.2,5794.2,0.0025,0.0025,0.015,0.010072,0.010072,6817.8,6817.8,0.0011197,0.0011197,0.0060643,0.023257,0.023257,605.38,605.38,1
336,1750,0.0015,0.0015,0.01,0.00019812,0.00019812,6269,6269,0.003,0.003,0.02,0.076302,0.076302,6955.6,6955.6,0.0015,0.0015,0.01,6.1032e-05,6.1032e-05,6421.4,6421.4,0,0,0,-0.073587,-0.073587,5150.3,5150.3,0.0005,0.0005,0.005,-0.0084892,-0.0084892,5805.3,5805.3,0.0025,0.0025,0.015,0.0098615,0.0098615,6803.7,6803.7,0.0011197,0.0011197,0.0060643,0.022725,0.022725,590.06,590.06,1
336,1760,0.0015,0.0015,0.01,0.00019282,0.00019282,6268.6,6268.6,0.003,0.003,0.02,0.074532,0.074532,6938.4,6938.4,0.0015,0.0015,0.01,4.4973e-05,4.4973e-05,6416.5,6416.5,0,0,0,-0.071895,-0.071895,5179.2,5179.2,0.0005,0.0005,0.005,-0.0083261,-0.0083261,5816.2,5816.2,0.0025,0.0025,0.015,0.009656,0.009656,6789.8,6789.8,0.0011197,0.0011197,0.0060643,0.022201,0.022201,575.09,575.09,1
336,1770,0.0015,0.0015,0.01,0.00018772,0.00018772,6268.1,6268.1,0.003,0.003,0.02,0.072791,0.072791,6921.6,6921.6,0.0015,0.0015,0.01,3.1898e-05,3.1898e-05,6411.8,6411.8,0,0,0,-0.070229,-0.070229,5207.3,5207.3,0.0005,0.0005,0.005,-0.0081796,-0.0081796,5826.9,5826.9,0.0025,0.0025,0.015,0.0094544,0.0094544,6776.3,6776.3,0.0011197,0.0011197,0.0060643,0.021686,0.021686,560.48,560.48,1
336,1780,0.0015,0.0015,0.01,0.0001828,0.0001828,6267.7,6267.7,0.003,0.003,0.02,0.071078,0.071078,6905.2,6905.2,0.0015,0.0015,0.01,2.0914e-05,2.0914e-05,6407.2,6407.2,0,0,0,-0.068591,-0.068591,5234.7,5234.7,0.0005,0.0005,0.005,-0.0080348,-0.0080348,5837.3,5837.3,0.0025,0.0025,0.015,0.0092563,0.0092563,6763.1,6763.1,0.0011197,0.0011197,0.0060643,0.021179,0.021179,546.22,546.22,1
336,1790,0.0015,0.0015,0.01,0.00017805,0.00017805,6267.3,6267.3,0.003,0.003,0.02,0.069398,0.069398,6889.1,6889.1,0.0015,0.0015,0.01,1.1494e-05,1.1494e-05,6402.8,6402.8,0,0,0,-0.066982,-0.066982,5261.5,5261.5,0.0005,0.0005,0.005,-0.0078903,-0.0078903,5847.5,5847.5,0.0025,0.0025,0.015,0.0090613,0.0090613,6750.3,6750.3,0.0011197,0.0011197,0.0060643,0.020681,0.020681,532.29,532.29,1
336,1800,0.0015,0.0015,0.01,0.00017346,0.00017345,6267,6267,0.003,0.003,0.02,0.067749,0.067749,6873.4,6873.4,0.0015,0.0015,0.01,3.2611e-06,3.2611e-06,6398.5,6398.5,0,0,0,-0.065402,-0.065402,5287.5,5287.5,0.0005,0.0005,0.005,-0.0077461,-0.0077461,5857.5,5857.5,0.0025,0.0025,0.015,0.0088691,0.0088691,6737.7,6737.7,0.0011197,0.0011197,0.0060643,0.020193,0.020193,518.69,518.69,1
336,1810,0.0015,0.0015,0.01,0.000169,0.000169,6266.6,6266.6,0.003,0.003,0.02,0.066131,0.066131,6858,6858,0.0015,0.0015,0.01,-4.045e-06,-4.045e-06,6394.3,6394.3,0,0,0,-0.063851,-0.063851,5313,5313,0.0005,0.0005,0.005,-0.0076024,-0.0076024,5867.2,5867.2,0.0025,0.0025,0.015,0.0086797,0.0086797,6725.4,6725.4,0.0011197,0.0011197,0.0060643,0.019714,0.019714,505.41,505.41,1
336,1820,0.0015,0.0015,0.01,0.00016467,0.00016467,6266.2,6266.2,0.003,0.003,0.02,0.064546,0.064546,6843,6843,0.0015,0.0015,0.01,-1.0566e-05,-1.0566e-05,6390.2,6390.2,0,0,0,-0.062331,-0.062331,5337.7,5337.7,0.0005,0.0005,0.005,-0.0074593,-0.0074593,5876.8,5876.8,0.0025,0.0025,0.015,0.008493,0.008493,6713.4,6713.4,0.0011197,0.0011197,0.0060643,0.019244,0.019244,492.46,492.46,1
336,1830,0.0015,0.0015,0.01,0.00016047,0.00016047,6265.9,6265.9,0.003,0.003,0.02,0.062993,0.062993,6828.3,6828.3,0.0015,0.0015,0.01,-1.6436e-05,-1.6436e-05,6386.3,6386.3,0,0,0,-0.060841,-0.060841,5361.9,5361.9,0.0005,0.0005,0.005,-0.007317,-0.007317,5886.1,5886.1,0.0025,0.0025,0.015,0.008309,0.008309,6701.7,6701.7,0.0011197,0.0011197,0.0060643,0.018784,0.018784,479.81,479.81,1
336,1840,0.0015,0.0015,0.01,0.00015638,0.00015638,6265.5,6265.5,0.003,0.003,0.02,0.061472,0.061472,6813.9,6813.9,0.0015,0.0015,0.01,-2.1748e-05,-2.1749e-05,6382.5,6382.5,0,0,0,-0.059381,-0.059381,5385.4,5385.4,0.0005,0.0005,0.005,-0.0071755,-0.0071755,5895.3,5895.3,0.0025,0.0025,0.015,0.0081324,0.0081324,6690.2,6690.2,0.0011197,0.0011197,0.0060643,0.018333,0.018333,467.47,467.47,1
336,1850,0.0015,0.0015,0.01,0.00015239,0.00015239,6265.2,6265.2,0.003,0.003,0.02,0.059983,0.059983,6799.9,6799.9,0.0015,0.0015,0.01,-2.652e-05,-2.652e-05,6378.8,6378.8,0,0,0,-0.057951,-0.057951,5408.3,5408.3,0.0005,0.0005,0.005,-0.0070317,-0.0070317,5904.2,5904.2,0.0025,0.0025,0.015,0.0079594,0.0079594,6679,6679,0.0011197,0.0011197,0.0060643,0.017891,0.017891,455.43,455.43,1
336,1860,0.0015,0.0015,0.01,0.00014851,0.00014851,6264.9,6264.9,0.003,0.003,0.02,0.058524,0.058524,6786.1,6786.1,0.0015,0.0015,0.01,-3.0864e-05,-3.0864e-05,6375.2,6375.2,0,0,0,-0.056549,-0.056549,5430.6,5430.6,0.0005,0.0005,0.005,-0.0068625,-0.0068625,5912.9,5912.9,0.0025,0.0025,0.015,0.0077785,0.0077785,6668.1,6668.1,0.0011197,0.0011197,0.0060643,0.017458,0.017458,443.68,443.68,1
336,1870,0.0015,0.0015,0.01,0.00014473,0.00014473,6264.6,6264.6,0.003,0.003,0.02,0.057096,0.057096,6772.8,6772.8,0.0015,0.0015,0.01,-3.4788e-05,-3.4788e-05,6371.7,6371.7,0,0,0,-0.055177,-0.055177,5452.4,5452.4,0.0005,0.0005,0.005,-0.0066969,-0.0066969,5921.5,5921.5,0.0025,0.0025,0.015,0.0076008,0.0076008,6657.5,6657.5,0.0011197,0.0011197,0.0060643,0.017034,0.017034,432.22,432.22,1
336,1880,0.0015,0.0015,0.01,0.00014105,0.00014105,6264.3,6264.3,0.003,0.003,0.02,0.055699,0.055699,6759.7,6759.7,0.0015,0.0015,0.01,-3.8324e-05,-3.8324e-05,6368.3,6368.3,0,0,0,-0.053834,-0.053834,5473.6,5473.6,0.0005,0.0005,0.005,-0.0065346,-0.0065346,5929.8,5929.8,0.0025,0.0025,0.015,0.0074262,0.0074262,6647.1,6647.1,0.0011197,0.0011197,0.0060643,0.01662,0.01662,421.04,421.04,1
336,1890,0.0015,0.0015,0.01,0.00013745,0.00013745,6264,6264,0.003,0.003,0.02,0.054332,0.054332,6746.9,6746.9,0.0015,0.0015,0.01,-4.1517e-05,-4.1517e-05,6365.1,6365.1,0,0,0,-0.052519,-0.052519,5494.3,5494.3,0.0005,0.0005,0.005,-0.0063757,-0.0063757,5938,5938,0.0025,0.0025,0.015,0.0072548,0.0072548,6637,6637,0.0011197,0.0011197,0.0060643,0.016213,0.016213,410.13,410.13,1
336,1900,0.0015,0.0015,0.01,0.00013395,0.00013395,6263.7,6263.7,0.003,0.003,0.02,0.052994,0.052994,6734.4,6734.4,0.0015,0.0015,0.01,-4.436e-05,-4.436e-05,6361.9,6361.9,0,0,0,-0.051232,-0.051232,5514.4,5514.4,0.0005,0.0005,0.005,-0.0062202,-0.0062202,5945.9,5945.9,0.0025,0.0025,0.015,0.0070864,0.0070864,6627.1,6627.1,0.0011197,0.0011197,0.0060643,0.015816,0.015816,399.49,399.49,1
336,1910,0.0015,0.0015,0.01,0.00013053,0.00013053,6263.4,6263.4,0.003,0.003,0.02,0.051685,0.051685,6722.2,6722.2,0.0015,0.0015,0.01,-4.6924e-05,-4.6924e-05,6358.8,6358.8,0,0,0,-0.049973,-0.049973,5534,5534,0.0005,0.0005,0.005,-0.006068,-0.006068,5953.7,5953.7,0.0025,0.0025,0.015,0.0069212,0.0069212,6617.5,6617.5,0.0011197,0.0011197,0.0060643,0.015427,0.015427,389.11,389.11,1
336,1920,0.0015,0.0015,0.01,0.00012719,0.00012719,6263.2,6263.2,0.003,0.003,0.02,0.050406,0.050406,6710.3,6710.3,0.0015,0.0015,0.01,-4.9202e-05,-4.9202e-05,6355.8,6355.8,0,0,0,-0.048742,-0.048742,5553.1,5553.1,0.0005,0.0005,0.005,-0.0059191,-0.0059191,5961.3,5961.3,0.0025,0.0025,0.015,0.006759,0.006759,6608.1,6608.1,0.0011197,0.0011197,0.0060643,0.015047,0.015047,378.99,378.99,1
336,1930,0.0015,0.0015,0.01,0.00012394,0.00012394,6262.9,6262.9,0.003,0.003,0.02,0.049154,0.049154,6698.6,6698.6,0.0015,0.0015,0.01,-5.1209e-05,-5.1209e-05,6352.9,6352.9,0,0,0,-0.047537,-0.047537,5571.8,5571.8,0.0005,0.0005,0.005,-0.0057734,-0.0057734,5968.8,5968.8,0.0025,0.0025,0.015,0.0066072,0.0066072,6598.9,6598.9,0.0011197,0.0011197,0.0060643,0.014675,0.014675,369.11,369.11,1
336,1940,0.0015,0.0015,0.01,0.00012076,0.00012076,6262.7,6262.7,0.003,0.003,0.02,0.04793,0.04793,6687.3,6687.3,0.0015,0.0015,0.01,-5.2993e-05,-5.2993e-05,6350.1,6350.1,0,0,0,-0.046358,-0.046358,5589.9,5589.9,0.0005,0.0005,0.005,-0.0056309,-0.0056309,5976,5976,0.0025,0.0025,0.015,0.0064558,0.0064558,6589.9,6589.9,0.0011197,0.0011197,0.0060643,0.014311,0.014311,359.49,359.49,1
336,1950,0.0015,0.0015,0.01,0.00011766,0.00011766,6262.4,6262.4,0.003,0.003,0.02,0.046734,0.046734,6676.2,6676.2,0.0015,0.0015,0.01,-5.3411e-05,-5.3411e-05,6347.3,6347.3,0,0,0,-0.045206,-0.045206,5607.5,5607.5,0.0005,0.0005,0.005,-0.0054915,-0.0054915,5983.1,5983.1,0.0025,0.0025,0.015,0.0062992,0.0062992,6581.2,6581.2,0.0011197,0.0011197,0.0060643,0.013955,0.013955,350.1,350.1,1
336,1960,0.0015,0.0015,0.01,0.00011464,0.00011464,6262.2,6262.2,0.003,0.003,0.02,0.045565,0.045565,6665.4,6665.4,0.0015,0.0015,0.01,-4.7618e-05,-4.7618e-05,6344.7,6344.7,0,0,0,-0.04408,-0.04408,5624.7,5624.7,0.0005,0.0005,0.005,-0.0053552,-0.0053552,5990,5990,0.0025,0.0025,0.015,0.006146,0.006146,6572.7,6572.7,0.0011197,0.0011197,0.0060643,0.013607,0.013607,340.95,340.95,1
336,1970,0.0015,0.0015,0.01,0.00011169,0.00011169,6262,6262,0.003,0.003,0.02,0.044422,0.044422,6654.8,6654.8,0.0015,0.0015,0.01,-4.0455e-05,-4.0455e-05,6342.1,6342.1,0,0,0,-0.042978,-0.042978,5641.5,5641.5,0.0005,0.0005,0.005,-0.005222,-0.005222,5996.8,5996.8,0.0025,0.0025,0.015,0.005996,0.005996,6564.4,6564.4,0.0011197,0.0011197,0.0060643,0.013267,0.013267,332.03,332.03,1
336,1980,0.0015,0.0015,0.01,0.00010882,0.00010882,6261.7,6261.7,0.003,0.003,0.02,0.043306,0.043306,6644.5,6644.5,0.0015,0.0015,0.01,-3.3787e-05,-3.3787e-05,6339.6,6339.6,0,0,0,-0.041902,-0.041902,5657.8,5657.8,0.0005,0.0005,0.005,-0.0050917,-0.0050917,6003.4,6003.4,0.0025,0.0025,0.015,0.0058493,0.0058493,6556.3,6556.3,0.0011197,0.0011197,0.0060643,0.012935,0.012935,323.33,323.33,1
336,1990,0.0015,0.0015,0.01,0.00010601,0.00010601,6261.5,6261.5,0.003,0.003,0.02,0.042214,0.042214,6634.5,6634.5,0.0015,0.0015,0.01,-2.9893e-05,-2.9893e-05,6337.2,6337.2,0,0,0,-0.04085,-0.04085,5673.7,5673.7,0.0005,0.0005,0.005,-0.0049644,-0.0049644,6009.8,6009.8,0.0025,0.0025,0.015,0.0057057,0.0057057,6548.4,6548.4,0.0011197,0.0011197,0.0060643,0.01261,0.01261,314.85,314.85,1
336,2000,0.0015,0.0015,0.01,0.00010327,0.00010327,6261.3,6261.3,0.003,0.003,0.02,0.041148,0.041148,6624.6,6624.6,0.0015,0.0015,0.01,-2.6267e-05,-2.6267e-05,6334.8,6334.8,0,0,0,-0.039822,-0.039822,5689.2,5689.2,0.0005,0.0005,0.005,-0.0048423,-0.0048423,6016.1,6016.1,0.0025,0.0025,0.015,0.0055652,0.0055652,6540.7,6540.7,0.0011197,0.0011197,0.0060643,0.012293,0.012293,306.59,306.59,1
336,2010,0.0015,0.0015,0.01,0.0001006,0.0001006,6261.1,6261.1,0.003,0.003,0.02,0.040107,0.040107,6615.1,6615.1,0.0015,0.0015,0.01,-2.2907e-05,-2.2907e-05,6332.5,6332.5,0,0,0,-0.038818,-0.038818,5704.3,5704.3,0.0005,0.0005,0.005,-0.0047343,-0.0047343,6022.2,6022.2,0.0025,0.0025,0.015,0.0054278,0.0054278,6533.2,6533.2,0.0011197,0.0011197,0.0060643,0.011983,0.011983,298.53,298.53,1
336,2020,0.0015,0.0015,0.01,9.7992e-05,9.7992e-05,6260.9,6260.9,0.003,0.003,0.02,0.03909,0.03909,6605.7,6605.7,0.0015,0.0015,0.01,-1.9754e-05,-1.9754e-05,6330.3,6330.3,0,0,0,-0.037837,-0.037837,5718.9,5718.9,0.0005,0.0005,0.005,-0.004628,-0.004628,6028.2,6028.2,0.0025,0.0025,0.015,0.0052935,0.0052935,6525.9,6525.9,0.0011197,0.0011197,0.0060643,0.01168,0.01168,290.68,290.68,1
336,2030,0.0015,0.0015,0.01,9.5451e-05,9.5451e-05,6260.7,6260.7,0.003,0.003,0.02,0.038097,0.038097,6596.6,6596.6,0.0015,0.0015,0.01,-1.6814e-05,-1.6814e-05,6328.2,6328.2,0,0,0,-0.036878,-0.036878,5733.2,5733.2,0.0005,0.0005,0.005,-0.0045234,-0.0045234,6034,6034,0.0025,0.0025,0.015,0.0051621,0.0051621,6518.7,6518.7,0.0011197,0.0011197,0.0060643,0.011384,0.011384,283.02,283.02,1
336,2040,0.0015,0.0015,0.01,9.2972e-05,9.2972e-05,6260.5,6260.5,0.003,0.003,0.02,0.037127,0.037127,6587.7,6587.7,0.0015,0.0015,0.01,-1.407e-05,-1.407e-05,6326.1,6326.1,0,0,0,-0.035942,-0.035942,5747.2,5747.2,0.0005,0.0005,0.005,-0.0044206,-0.0044206,6039.7,6039.7,0.0025,0.0025,0.015,0.0050336,0.0050336,6511.8,6511.8,0.0011197,0.0011197,0.0060643,0.011095,0.011095,275.57,275.57,1
336,2050,0.0015,0.0015,0.01,9.0557e-05,9.0557e-05,6260.3,6260.3,0.003,0.003,0.02,0.03618,0.03618,6579.1,6579.1,0.0015,0.0015,0.01,-1.1507e-05,-1.1507e-05,6324,6324,0,0,0,-0.035028,-0.035028,5760.7,5760.7,0.0005,0.0005,0.005,-0.0043194,-0.0043194,6045.3,6045.3,0.0025,0.0025,0.015,0.0049081,0.0049081,6505,6505,0.0011197,0.0011197,0.0060643,0.010813,0.010813,268.3,268.3,1
336,2060,0.0015,0.0015,0.01,8.8197e-05,8.8197e-05,6260.2,6260.2,0.003,0.003,0.02,0.035256,0.035256,6570.6,6570.6,0.0015,0.0015,0.01,-9.1212e-06,-9.1212e-06,6322.1,6322.1,0,0,0,-0.034136,-0.034136,5773.9,5773.9,0.0005,0.0005,0.005,-0.0042201,-0.0042201,6050.7,6050.7,0.0025,0.0025,0.015,0.0047853,0.0047853,6498.4,6498.4,0.0011197,0.0011197,0.0060643,0.010537,0.010537,261.21,261.21,1
336,2070,0.0015,0.0015,0.01,8.5903e-05,8.5903e-05,6260,6260,0.003,0.003,0.02,0.034353,0.034353,6562.4,6562.4,0.0015,0.0015,0.01,-6.9107e-06,-6.9107e-06,6320.1,6320.1,0,0,0,-0.033264,-0.033264,5786.8,5786.8,0.0005,0.0005,0.005,-0.0041224,-0.0041224,6056,6056,0.0025,0.0025,0.015,0.0046654,0.0046654,6492,6492,0.0011197,0.0011197,0.0060643,0.010268,0.010268,254.31,254.31,1
336,2080,0.0015,0.0015,0.01,8.3658e-05,8.3658e-05,6259.8,6259.8,0.003,0.003,0.02,0.033472,0.033472,6554.3,6554.3,0.0015,0.0015,0.01,-4.8553e-06,-4.8553e-06,6318.3,6318.3,0,0,0,-0.032414,-0.032414,5799.3,5799.3,0.0005,0.0005,0.005,-0.0040265,-0.0040265,6061.1,6061.1,0.0025,0.0025,0.015,0.0045481,0.0045481,6485.7,6485.7,0.0011197,0.0011197,0.0060643,0.010006,0.010006,247.59,247.59,1
336,2090,0.0015,0.0015,0.01,8.1476e-05,8.1476e-05,6259.7,6259.7,0.003,0.003,0.02,0.032612,0.032612,6546.5,6546.5,0.0015,0.0015,0.01,-2.9407e-06,-2.9407e-06,6316.5,6316.5,0,0,0,-0.031583,-0.031583,5811.5,5811.5,0.0005,0.0005,0.005,-0.0039324,-0.0039324,6066.2,6066.2,0.0025,0.0025,0.015,0.0044336,0.0044336,6479.6,6479.6,0.0011197,0.0011197,0.0060643,0.0097494,0.0097494,241.03,241.03,1
336,2100,0.0015,0.0015,0.01,7.934e-05,7.934e-05,6259.5,6259.5,0.003,0.003,0.02,0.031773,0.031773,6538.8,6538.8,0.0015,0.0015,0.01,-1.1865e-06,-1.1865e-06,6314.7,6314.7,0,0,0,-0.030772,-0.030772,5823.3,5823.3,0.0005,0.0005,0.005,-0.00384,-0.00384,6071.1,6071.1,0.0025,0.0025,0.015,0.0043217,0.0043217,6473.6,6473.6,0.0011197,0.0011197,0.0060643,0.0094992,0.0094992,234.65,234.65,1
336,2110,0.0015,0.0015,0.01,7.7263e-05,7.7263e-05,6259.4,6259.4,0.003,0.003,0.02,0.030954,0.030954,6531.4,6531.4,0.0015,0.0015,0.01,4.3625e-07,4.3625e-07,6313,6313,0,0,0,-0.029981,-0.029981,5834.9,5834.9,0.0005,0.0005,0.005,-0.0037493,-0.0037493,6075.9,6075.9,0.0025,0.0025,0.015,0.0042124,0.0042124,6467.8,6467.8,0.0011197,0.0011197,0.0060643,0.009255,0.009255,228.43,228.43,1
336,2120,0.0015,0.0015,0.01,7.5238e-05,7.5238e-05,6259.2,6259.2,0.003,0.003,0.02,0.030155,0.030155,6524.1,6524.1,0.0015,0.0015,0.01,1.9645e-06,1.9645e-06,6311.4,6311.4,0,0,0,-0.029209,-0.029209,5846.1,5846.1,0.0005,0.0005,0.005,-0.0036604,-0.0036604,6080.5,6080.5,0.0025,0.0025,0.015,0.0041057,0.0041057,6462.1,6462.1,0.0011197,0.0011197,0.0060643,0.0090167,0.0090167,222.37,222.37,1
336,2130,0.0015,0.0015,0.01,7.3267e-05,7.3267e-05,6259.1,6259.1,0.003,0.003,0.02,0.029376,0.029376,6517,6517,0.0015,0.0015,0.01,3.3493e-06,3.3493e-06,6309.8,6309.8,0,0,0,-0.028456,-0.028456,5857.1,5857.1,0.0005,0.0005,0.005,-0.0035732,-0.0035732,6085.1,6085.1,0.0025,0.0025,0.015,0.0040014,0.0040014,6456.6,6456.6,0.0011197,0.0011197,0.0060643,0.0087841,0.0087841,216.47,216.47,1
336,2140,0.0015,0.0015,0.01,7.1344e-05,7.1344e-05,6258.9,6258.9,0.003,0.003,0.02,0.028615,0.028615,6510.1,6510.1,0.0015,0.0015,0.01,4.6202e-06,4.6202e-06,6308.2,6308.2,0,0,0,-0.027721,-0.027721,5867.7,5867.7,0.0005,0.0005,0.005,-0.0034877,-0.0034877,6089.5,6089.5,0.0025,0.0025,0.015,0.0038996,0.0038996,6451.3,6451.3,0.0011197,0.0011197,0.0060643,0.0085572,0.0085572,210.71,210.71,1
336,2150,0.0015,0.0015,0.01,6.9468e-05,6.9468e-05,6258.8,6258.8,0.003,0.003,0.02,0.027874,0.027874,6503.4,6503.4,0.0015,0.0015,0.01,5.7899e-06,5.7899e-06,6306.7,6306.7,0,0,0,-0.027004,-0.027004,5878.1,5878.1,0.0005,0.0005,0.005,-0.0034038,-0.0034038,6093.8,6093.8,0.0025,0.0025,0.015,0.0038002,0.0038002,6446,6446,0.0011197,0.0011197,0.0060643,0.0083359,0.0083359,205.11,205.11,1
336,2160,0.0015,0.0015,0.01,6.764e-05,6.764e-05,6258.7,6258.7,0.003,0.003,0.02,0.02715,0.02715,6496.8,6496.8,0.0015,0.0015,0.01,6.8615e-06,6.8615e-06,6305.2,6305.2,0,0,0,-0.026304,-0.026304,5888.2,5888.2,0.0005,0.0005,0.005,-0.0033217,-0.0033217,6098,6098,0.0025,0.0025,0.015,0.0037032,0.0037032,6440.9,6440.9,0.0011197,0.0011197,0.0060643,0.00812,0.00812,199.66,199.66,1
336,2170,0.0015,0.0015,0.01,6.5858e-05,6.5858e-05,6258.5,6258.5,0.003,0.003,0.02,0.026444,0.026444,6490.4,6490.4,0.0015,0.0015,0.01,7.8481e-06,7.8481e-06,6303.8,6303.8,0,0,0,-0.025622,-0.025622,5898,5898,0.0005,0.0005,0.005,-0.0032413,-0.0032413,6102.1,6102.1,0.0025,0.0025,0.015,0.0036084,0.0036084,6436,6436,0.0011197,0.0011197,0.0060643,0.0079093,0.0079093,194.34,194.34,1
336,2180,0.0015,0.0015,0.01,6.4122e-05,6.4122e-05,6258.4,6258.4,0.003,0.003,0.02,0.025756,0.025756,6484.2,6484.2,0.0015,0.0015,0.01,7.6717e-06,7.6717e-06,6302.4,6302.4,0,0,0,-0.024956,-0.024956,5907.6,5907.6,0.0005,0.0005,0.005,-0.0031624,-0.0031624,6106.1,6106.1,0.0025,0.0025,0.015,0.0035159,0.0035159,6431.1,6431.1,0.0011197,0.0011197,0.0060643,0.0077039,0.0077039,189.17,189.17,1
336,2190,0.0015,0.0015,0.01,6.2432e-05,6.2432e-05,6258.3,6258.3,0.003,0.003,0.02,0.025085,0.025085,6478.1,6478.1,0.0015,0.0015,0.01,6.964e-06,6.964e-06,6301.1,6301.1,0,0,0,-0.024307,-0.024307,5916.9,5916.9,0.0005,0.0005,0.005,-0.0030853,-0.0030853,6110,6110,0.0025,0.0025,0.015,0.0034257,0.0034257,6426.4,6426.4,0.0011197,0.0011197,0.0060643,0.0075035,0.0075035,184.12,184.12,1
336,2200,0.0015,0.0015,0.01,6.0784e-05,6.0784e-05,6258.2,6258.2,0.003,0.003,0.02,0.02443,0.02443,6472.2,6472.2,0.0015,0.0015,0.01,6.3291e-06,6.3291e-06,6299.7,6299.7,0,0,0,-0.023674,-0.023674,5926,5926,0.0005,0.0005,0.005,-0.0030097,-0.0030097,6113.8,6113.8,0.0025,0.0025,0.015,0.0033376,0.0033376,6421.8,6421.8,0.0011197,0.0011197,0.0060643,0.0073081,0.0073081,179.21,179.21,1
336,2210,0.0015,0.0015,0.01,0.00022377,0.00022377,6258.1,6258.1,0.003,0.003,0.02,0.090393,0.090393,6466.5,6466.5,0.0015,0.0015,0.01,2.3202e-05,2.3202e-05,6298.5,6298.5,0,0,0,-0.08997,-0.08997,5934.8,5934.8,0.0005,0.0005,0.005,-0.012686,-0.012686,6117.5,6117.5,0.0025,0.0025,0.015,0.01431,0.01431,6417.4,6417.4,0.0011197,0.0011197,0.0060643,0.033741,0.033741,174.43,174.43,1
336,2220,0.0015,0.0015,0.01,0.00020279,0.00020279,6258,6258,0.003,0.003,0.02,0.086016,0.086016,6460.9,6460.9,0.0015,0.0015,0.01,2.1374e-06,2.1374e-06,6297.2,6297.2,0,0,0,-0.08532,-0.08532,5943.4,5943.4,0.0005,0.0005,0.005,-0.012441,-0.012441,6121.1,6121.1,0.0025,0.0025,0.015,0.014395,0.014395,6413,6413,0.0011197,0.0011197,0.0060643,0.032428,0.032428,169.78,169.78,1
336,2230,0.0015,0.0015,0.01,4.2497e-05,4.2497e-05,6257.9,6257.9,0.003,0.003,0.02,0.0081049,0.0081049,6455.4,6455.4,0.0015,0.0015,0.01,2.6931e-06,2.6931e-06,6296,6296,0,0,0,-0.0078696,-0.0078696,5951.8,5951.8,0.0005,0.0005,0.005,-0.0016907,-0.0016907,6124.7,6124.7,0.0025,0.0025,0.015,0.0022406,0.0022406,6408.8,6408.8,0.0011197,0.0011197,0.0060643,0.0030022,0.0030022,165.24,165.24,1
336,2240,0.0015,0.0015,0.01,-1.0779e-05,-1.0779e-05,6257.7,6257.7,0.003,0.003,0.02,0.092798,0.092798,6450,6450,0.0015,0.0015,0.01,-2.7972e-05,-2.7972e-05,6294.9,6294.9,0,0,0,-0.088238,-0.088238,5959.9,5959.9,0.0005,0.0005,0.005,-0.027725,-0.027725,6128.1,6128.1,0.0025,0.0025,0.015,0.028865,0.028865,6404.7,6404.7,0.0011197,0.0011197,0.0060643,0.03908,0.03908,160.83,160.83,1
336,2250,0.0015,0.0015,0.01,0.00020683,0.00020683,6257.6,6257.6,0.003,0.003,0.02,0.073764,0.073764,6444.9,6444.9,0.0015,0.0015,0.01,1.9822e-05,1.9822e-05,6293.7,6293.7,0,0,0,-0.070131,-0.070131,5967.8,5967.8,0.0005,0.0005,0.005,-0.0090765,-0.0090765,6131.4,6131.4,0.0025,0.0025,0.015,0.0095246,0.0095246,6400.6,6400.6,0.0011197,0.0011197,0.0060643,0.026008,0.026008,156.53,156.53,1
336,2260,0.0015,0.0015,0.01,-0.00016609,-0.00016609,6257.5,6257.5,0.003,0.003,0.02,0.093107,0.093107,6439.8,6439.8,0.0015,0.0015,0.01,-0.00012675,-0.00012675,6292.6,6292.6,0,0,0,-0.098846,-0.098846,5975.5,5975.5,0.0005,0.0005,0.005,-0.024154,-0.024154,6134.7,6134.7,0.0025,0.0025,0.015,0.022035,0.022035,6396.7,6396.7,0.0011197,0.0011197,0.0060643,0.041029,0.041029,152.34,152.34,1
336,2270,0.0015,0.0015,0.01,-0.00033219,-0.00033219,6257.5,6257.5,0.003,0.003,0.02,0.11091,0.11091,6434.9,6434.9,0.0015,0.0015,0.01,4.5551e-05,4.5551e-05,6291.6,6291.6,0,0,0,-0.11375,-0.11375,5983,5983,0.0005,0.0005,0.005,-0.033817,-0.033817,6137.8,6137.8,0.0025,0.0025,0.015,0.034964,0.034964,6392.9,6392.9,0.0011197,0.0011197,0.0060643,0.048613,0.048613,148.27,148.27,1
336,2280,0.0015,0.0015,0.01,7.4744e-05,7.4744e-05,6257.4,6257.4,0.003,0.003,0.02,0.1117,0.1117,6430,6430,0.0015,0.0015,0.01,-0.00042363,-0.00042363,6290.5,6290.5,0,0,0,-0.10607,-0.10607,5990.4,5990.4,0.0005,0.0005,0.005,-0.03148,-0.03148,6140.9,6140.9,0.0025,0.0025,0.015,0.031834,0.031834,6389.2,6389.2,0.0011197,0.0011197,0.0060643,0.045056,0.045056,144.3,144.3,1
336,2290,0.0015,0.0015,0.01,0.00018363,0.00018363,6257.3,6257.3,0.003,0.003,0.02,0.10075,0.10075,6425.4,6425.4,0.0015,0.0015,0.01,1.2995e-05,1.2995e-05,6289.5,6289.5,0,0,0,-0.10528,-0.10528,5997.5,5997.5,0.0005,0.0005,0.005,-0.016197,-0.016197,6143.9,6143.9,0.0025,0.0025,0.015,0.014674,0.014674,6385.6,6385.6,0.0011197,0.0011197,0.0060643,0.03353,0.03353,140.43,140.43,1
336,2300,0.0015,0.0015,0.01,-0.00015559,-0.00015559,6257.2,6257.2,0.003,0.003,0.02,0.086159,0.086159,6420.8,6420.8,0.0015,0.0015,0.01,-6.5468e-05,-6.5468e-05,6288.5,6288.5,0,0,0,-0.091805,-0.091805,6004.4,6004.4,0.0005,0.0005,0.005,-0.021951,-0.021951,6146.9,6146.9,0.0025,0.0025,0.015,0.020475,0.020475,6382.1,6382.1,0.0011197,0.0011197,0.0060643,0.037648,0.037648,136.67,136.67,1
336,2310,0.0015,0.0015,0.01,3.393e-06,3.3931e-06,6257.1,6257.1,0.003,0.003,0.02,0.0067581,0.0067581,6416.4,6416.4,0.0015,0.0015,0.01,2.4405e-06,2.4405e-06,6287.6,6287.6,0,0,0,-0.0082943,-0.0082943,6011.2,6011.2,0.0005,0.0005,0.005,-0.001473,-0.001473,6149.7,6149.7,0.0025,0.0025,0.015,0.0015329,0.0015329,6378.6,6378.6,0.0011197,0.0011197,0.0060643,0.0023291,0.0023291,133,133,1
336,2320,0.0015,0.0015,0.01,0.00020983,0.00020983,6257,6257,0.003,0.003,0.02,0.080405,0.080405,6412.1,6412.1,0.0015,0.0015,0.01,-6.2287e-05,-6.2287e-05,6286.6,6286.6,0,0,0,-0.079205,-0.079205,6017.7,6017.7,0.0005,0.0005,0.005,-0.0093734,-0.0093734,6152.5,6152.5,0.0025,0.0025,0.015,0.010722,0.010722,6375.3,6375.3,0.0011197,0.0011197,0.0060643,0.028414,0.028414,129.43,129.43,1
336,2330,0.0015,0.0015,0.01,-0.00016446,-0.00016446,6256.9,6256.9,0.003,0.003,0.02,0.050443,0.050443,6407.8,6407.8,0.0015,0.0015,0.01,5.3299e-05,5.3299e-05,6285.7,6285.7,0,0,0,-0.053274,-0.053274,6024.1,6024.1,0.0005,0.0005,0.005,-0.013893,-0.013893,6155.2,6155.2,0.0025,0.0025,0.015,0.014191,0.014191,6372.1,6372.1,0.0011197,0.0011197,0.0060643,0.020642,0.020642,125.96,125.96,1
336,2340,0.0015,0.0015,0.01,-0.00028114,-0.00028114,6256.9,6256.9,0.003,0.003,0.02,0.094124,0.094124,6403.8,6403.8,0.0015,0.0015,0.01,-0.00019185,-0.00019185,6284.9,6284.9,0,0,0,-0.097341,-0.097341,6030.3,6030.3,0.0005,0.0005,0.005,-0.029118,-0.029118,6157.8,6157.8,0.0025,0.0025,0.015,0.029895,0.029895,6368.9,6368.9,0.0011197,0.0011197,0.0060643,0.041342,0.041342,122.58,122.58,1
336,2350,0.0015,0.0015,0.01,7.2459e-05,7.2459e-05,6256.8,6256.8,0.003,0.003,0.02,0.10052,0.10052,6399.7,6399.7,0.0015,0.0015,0.01,7.2805e-06,7.2805e-06,6284,6284,0,0,0,-0.093501,-0.093501,6036.4,6036.4,0.0005,0.0005,0.005,-0.026321,-0.026321,6160.4,6160.4,0.0025,0.0025,0.015,0.024883,0.024883,6365.9,6365.9,0.0011197,0.0011197,0.0060643,0.037671,0.037671,119.29,119.29,1
336,2360,0.0015,0.0015,0.01,0.00017117,0.00017117,6256.7,6256.7,0.003,0.003,0.02,0.083953,0.083953,6395.9,6395.9,0.0015,0.0015,0.01,-1.4057e-05,-1.4057e-05,6283.2,6283.2,0,0,0,-0.088841,-0.088841,6042.2,6042.2,0.0005,0.0005,0.005,-0.013127,-0.013127,6162.9,6162.9,0.0025,0.0025,0.015,0.011561,0.011561,6362.8,6362.8,0.0011197,0.0011197,0.0060643,0.027742,0.027742,116.08,116.08,1
336,2370,0.0015,0.0015,0.01,-0.00013021,-0.00013021,6256.6,6256.6,0.003,0.003,0.02,0.076395,0.076395,6392.1,6392.1,0.0015,0.0015,0.01,4.4462e-05,4.4462e-05,6282.4,6282.4,0,0,0,-0.081858,-0.081858,6048,6048,0.0005,0.0005,0.005,-0.016905,-0.016905,6165.3,6165.3,0.0025,0.0025,0.015,0.018745,0.018745,6359.9,6359.9,0.0011197,0.0011197,0.0060643,0.032083,0.032083,112.97,112.97,1
336,2380,0.0015,0.0015,0.01,3.6112e-06,3.6112e-06,6256.6,6256.6,0.003,0.003,0.02,0.010501,0.010501,6388.4,6388.4,0.0015,0.0015,0.01,-3.4031e-06,-3.4018e-06,6281.6,6281.6,0,0,0,-0.011664,-0.011664,6053.5,6053.5,0.0005,0.0005,0.005,-0.0017015,-0.0017015,6167.7,6167.7,0.0025,0.0025,0.015,0.0017576,0.0017576,6357.1,6357.1,0.0011197,0.0011197,0.0060643,0.0029137,0.0029137,109.93,109.93,1
336,2390,0.0015,0.0015,0.01,0.00018436,0.00018436,6256.5,6256.5,0.003,0.003,0.02,0.070526,0.070526,6384.8,6384.8,0.0015,0.0015,0.01,-3.0024e-05,-3.0024e-05,6280.8,6280.8,0,0,0,-0.069037,-0.069037,6059,6059,0.0005,0.0005,0.005,-0.0076913,-0.0076913,6170,6170,0.0025,0.0025,0.015,0.0087458,0.0087458,6354.3,6354.3,0.0011197,0.0011197,0.0060643,0.023829,0.023829,106.97,106.97,1
336,2400,0.0015,0.0015,0.01,-6.9723e-05,-6.9723e-05,6256.4,6256.4,0.003,0.003,0.02,0.084518,0.084518,6381.3,6381.3,0.0015,0.0015,0.01,2.9976e-05,2.9976e-05,6280.1,6280.1,0,0,0,-0.089992,-0.089992,6064.2,6064.2,0.0005,0.0005,0.005,-0.015223,-0.015223,6172.2,6172.2,0.0025,0.0025,0.015,0.016575,0.016575,6351.6,6351.6,0.0011197,0.0011197,0.0060643,0.031829,0.031829,104.1,104.1,1
336,2410,0.0015,0.0015,0.01,7.0359e-05,7.0359e-05,6256.4,6256.4,0.003,0.003,0.02,0.11101,0.11101,6377.9,6377.9,0.0015,0.0015,0.01,-2.0188e-05,-2.0188e-05,6279.4,6279.4,0,0,0,-0.10371,-0.10371,6069.4,6069.4,0.0005,0.0005,0.005,-0.027409,-0.027409,6174.4,6174.4,0.0025,0.0025,0.015,0.026265,0.026265,6349,6349,0.0011197,0.0011197,0.0060643,0.040125,0.040125,101.3,101.3,1
336,2420,0.0015,0.0015,0.01,-0.00013648,-0.00013648,6256.3,6256.3,0.003,0.003,0.02,0.050544,0.050544,6374.5,6374.5,0.0015,0.0015,0.01,-3.1653e-05,-3.1653e-05,6278.7,6278.7,0,0,0,-0.051581,-0.051581,6074.4,6074.4,0.0005,0.0005,0.005,-0.0089902,-0.0089902,6176.5,6176.5,0.0025,0.0025,0.015,0.0093635,0.0093635,6346.5,6346.5,0.0011197,0.0011197,0.0060643,0.015727,0.015727,98.572,98.572,1
336,2430,0.0015,0.0015,0.01,-0.0002304,-0.0002304,6256.2,6256.2,0.003,0.003,0.02,0.077071,0.077071,6371.4,6371.4,0.0015,0.0015,0.01,8.2389e-06,8.2389e-06,6278,6278,0,0,0,-0.080553,-0.080553,6079.2,6079.2,0.0005,0.0005,0.005,-0.023231,-0.023231,6178.7,6178.7,0.0025,0.0025,0.015,0.023868,0.023868,6344,6344,0.0011197,0.0011197,0.0060643,0.033423,0.033423,95.916,95.916,1
336,2440,0.0015,0.0015,0.01,0.00015006,0.00015006,6256.2,6256.2,0.003,0.003,0.02,0.055857,0.055857,6368.2,6368.2,0.0015,0.0015,0.01,1.8729e-05,1.8729e-05,6277.3,6277.3,0,0,0,-0.053968,-0.053968,6084,6084,0.0005,0.0005,0.005,-0.008246,-0.008246,6180.7,6180.7,0.0025,0.0025,0.015,0.0085607,0.0085607,6341.6,6341.6,0.0011197,0.0011197,0.0060643,0.018108,0.018108,93.331,93.331,1
336,2450,0.0015,0.0015,0.01,-0.00010962,-0.00010962,6256.1,6256.1,0.003,0.003,0.02,0.055933,0.055933,6365.1,6365.1,0.0015,0.0015,0.01,1.8781e-06,1.878e-06,6276.7,6276.7,0,0,0,-0.059293,-0.059293,6088.5,6088.5,0.0005,0.0005,0.005,-0.013721,-0.013721,6182.6,6182.6,0.0025,0.0025,0.015,0.015298,0.015298,6339.2,6339.2,0.0011197,0.0011197,0.0060643,0.023547,0.023547,90.819,90.819,1
336,2460,0.0015,0.0015,0.01,2.5463e-05,2.5463e-05,6256.1,6256.1,0.003,0.003,0.02,0.10345,0.10345,6362.1,6362.1,0.0015,0.0015,0.01,4.933e-05,4.933e-05,6276.1,6276.1,0,0,0,-0.10075,-0.10075,6093.1,6093.1,0.0005,0.0005,0.005,-0.027318,-0.027318,6184.5,6184.5,0.0025,0.0025,0.015,0.026737,0.026737,6337,6337,0.0011197,0.0011197,0.0060643,0.037481,0.037481,88.374,88.374,1
336,2470,0.0015,0.0015,0.01,-0.0001471,-0.0001471,6256,6256,0.003,0.003,0.02,0.073123,0.073123,6359.2,6359.2,0.0015,0.0015,0.01,1.3216e-05,1.3216e-05,6275.5,6275.5,0,0,0,-0.074135,-0.074135,6097.4,6097.4,0.0005,0.0005,0.005,-0.010272,-0.010272,6186.3,6186.3,0.0025,0.0025,0.015,0.0097634,0.0097634,6334.8,6334.8,0.0011197,0.0011197,0.0060643,0.020174,0.020174,85.994,85.994,1
336,2480,0.0015,0.0015,0.01,2.6868e-05,2.6868e-05,6256,6256,0.003,0.003,0.02,0.019148,0.019148,6356.4,6356.4,0.0015,0.0015,0.01,-6.1389e-05,-6.1389e-05,6274.9,6274.9,0,0,0,-0.019221,-0.019221,6101.6,6101.6,0.0005,0.0005,0.005,-0.0067893,-0.0067893,6188.2,6188.2,0.0025,0.0025,0.015,0.0066598,0.0066598,6332.5,6332.5,0.0011197,0.0011197,0.0060643,0.0085674,0.0085674,83.669,83.669,1
336,2490,0.0015,0.0015,0.01,0.00015051,0.00015051,6255.9,6255.9,0.003,0.003,0.02,0.046832,0.046832,6353.7,6353.7,0.0015,0.0015,0.01,-1.7581e-06,-1.7581e-06,6274.3,6274.3,0,0,0,-0.045875,-0.045875,6105.8,6105.8,0.0005,0.0005,0.005,-0.0062844,-0.0062844,6190,6190,0.0025,0.0025,0.015,0.0067756,0.0067756,6330.4,6330.4,0.0011197,0.0011197,0.0060643,0.01535,0.01535,81.415,81.415,1
336,2500,0.0015,0.0015,0.01,-0.00016104,-0.00016104,6255.9,6255.9,0.003,0.003,0.02,0.07038,0.07038,6351,6351,0.0015,0.0015,0.01,-2.4678e-05,-2.4678e-05,6273.8,6273.8,0,0,0,-0.073226,-0.073226,6109.8,6109.8,0.0005,0.0005,0.005,-0.020617,-0.020617,6191.7,6191.7,0.0025,0.0025,0.015,0.020902,0.020902,6328.3,6328.3,0.0011197,0.0011197,0.0060643,0.030522,0.030522,79.222,79.222,1
336,2510,0.0015,0.0015,0.01,0.00012013,0.00012013,6255.8,6255.8,0.003,0.003,0.02,0.049269,0.049269,6348.4,6348.4,0.0015,0.0015,0.01,-5.8152e-05,-5.8152e-05,6273.2,6273.2,0,0,0,-0.051288,-0.051288,6113.7,6113.7,0.0005,0.0005,0.005,-0.0061731,-0.0061731,6193.4,6193.4,0.0025,0.0025,0.015,0.0065838,0.0065838,6326.3,6326.3,0.0011197,0.0011197,0.0060643,0.015506,0.015506,77.084,77.084,1
336,2520,0.0015,0.0015,0.01,7.7608e-06,7.7608e-06,6255.8,6255.8,0.003,0.003,0.02,0.018134,0.018134,6345.9,6345.9,0.0015,0.0015,0.01,-5.2099e-05,-5.2099e-05,6272.7,6272.7,0,0,0,-0.018491,-0.018491,6117.5,6117.5,0.0005,0.0005,0.005,-0.0066042,-0.0066042,6195,6195,0.0025,0.0025,0.015,0.0066015,0.0066015,6324.4,6324.4,0.0011197,0.0011197,0.0060643,0.0085905,0.0085905,75.002,75.002,1
336,2530,0.0015,0.0015,0.01,0.00011469,0.00011469,6255.7,6255.7,0.003,0.003,0.02,0.046868,0.046868,6343.4,6343.4,0.0015,0.0015,0.01,-6.1998e-06,-6.1998e-06,6272.2,6272.2,0,0,0,-0.050287,-0.050287,6121.2,6121.2,0.0005,0.0005,0.005,-0.005828,-0.005828,6196.6,6196.6,0.0025,0.0025,0.015,0.0067105,0.0067105,6322.5,6322.5,0.0011197,0.0011197,0.0060643,0.014898,0.014898,72.98,72.98,1
336,2540,0.0015,0.0015,0.01,3.968e-05,3.968e-05,6255.7,6255.7,0.003,0.003,0.02,0.019552,0.019552,6341,6341,0.0015,0.0015,0.01,-0.0002626,-0.0002626,6271.7,6271.7,0,0,0,-0.01945,-0.01945,6124.8,6124.8,0.0005,0.0005,0.005,-0.0063461,-0.0063461,6198.2,6198.2,0.0025,0.0025,0.015,0.0066035,0.0066035,6320.6,6320.6,0.0011197,0.0011197,0.0060643,0.008522,0.008522,71.009,71.009,1
336,2550,0.0015,0.0015,0.01,0.00010257,0.00010257,6255.6,6255.6,0.003,0.003,0.02,0.040745,0.040745,6338.7,6338.7,0.0015,0.0015,0.01,1.1553e-05,1.1553e-05,6271.2,6271.2,0,0,0,-0.043492,-0.043492,6128.3,6128.3,0.0005,0.0005,0.005,-0.0046953,-0.0046953,6199.7,6199.7,0.0025,0.0025,0.015,0.0058274,0.0058274,6318.9,6318.9,0.0011197,0.0011197,0.0060643,0.012828,0.012828,69.093,69.093,1
336,2560,0.0015,0.0015,0.01,-4.3527e-05,-4.3526e-05,6255.6,6255.6,0.003,0.003,0.02,0.080527,0.080527,6336.4,6336.4,0.0015,0.0015,0.01,-3.3125e-06,-3.3125e-06,6270.7,6270.7,0,0,0,-0.080089,-0.080089,6131.8,6131.8,0.0005,0.0005,0.005,-0.015498,-0.015498,6201,6201,0.0025,0.0025,0.015,0.014648,0.014648,6317.2,6317.2,0.0011197,0.0011197,0.0060643,0.025543,0.025543,67.244,67.244,1
336,2570,0.0015,0.0015,0.01,0.00011963,0.00011963,6255.6,6255.6,0.003,0.003,0.02,0.12538,0.12538,6334.2,6334.2,0.0015,0.0015,0.01,0.00019425,0.00019425,6270.3,6270.3,0,0,0,-0.12307,-0.12307,6135,6135,0.0005,0.0005,0.005,-0.024881,-0.024881,6202.5,6202.5,0.0025,0.0025,0.015,0.024503,0.024503,6315.4,6315.4,0.0011197,0.0011197,0.0060643,0.04277,0.04277,65.421,65.421,1
336,2580,0.0015,0.0015,0.01,8.8313e-05,8.8313e-05,6255.5,6255.5,0.003,0.003,0.02,0.06285,0.06285,6332.1,6332.1,0.0015,0.0015,0.01,0.00010736,0.00010736,6269.7,6269.7,0,0,0,-0.060404,-0.060404,6138.3,6138.3,0.0005,0.0005,0.005,-0.011186,-0.011186,6203.8,6203.8,0.0025,0.0025,0.015,0.010302,0.010302,6313.8,6313.8,0.0011197,0.0011197,0.0060643,0.01905,0.01905,63.663,63.663,1
336,2590,0.0015,0.0015,0.01,0.00010932,0.00010932,6255.5,6255.5,0.003,0.003,0.02,0.13199,0.13199,6330,6330,0.0015,0.0015,0.01,0.00013901,0.00013901,6269.4,6269.4,0,0,0,-0.13413,-0.13413,6141.4,6141.4,0.0005,0.0005,0.005,-0.025681,-0.025681,6205.3,6205.3,0.0025,0.0025,0.015,0.024877,0.024877,6312.1,6312.1,0.0011197,0.0011197,0.0060643,0.045221,0.045221,61.94,61.94,1
336,2600,0.0015,0.0015,0.01,6.5512e-05,6.5512e-05,6255.4,6255.4,0.003,0.003,0.02,0.068355,0.068355,6328,6328,0.0015,0.0015,0.01,-3.0176e-05,-3.0176e-05,6268.9,6268.9,0,0,0,-0.068956,-0.068956,6144.5,6144.5,0.0005,0.0005,0.005,-0.011414,-0.011414,6206.6,6206.6,0.0025,0.0025,0.015,0.011154,0.011154,6310.6,6310.6,0.0011197,0.0011197,0.0060643,0.020833,0.020833,60.263,60.263,1
336,2610,0.0015,0.0015,0.01,-0.00012964,-0.00012964,6255.4,6255.4,0.003,0.003,0.02,0.055898,0.055898,6326,6326,0.0015,0.0015,0.01,2.8175e-05,2.8175e-05,6268.6,6268.6,0,0,0,-0.056056,-0.056056,6147.4,6147.4,0.0005,0.0005,0.005,-0.016705,-0.016705,6207.9,6207.9,0.0025,0.0025,0.015,0.017057,0.017057,6309,6309,0.0011197,0.0011197,0.0060643,0.024718,0.024718,58.635,58.635,1
336,2620,0.0015,0.0015,0.01,-2.8839e-05,-2.8839e-05,6255.4,6255.4,0.003,0.003,0.02,0.06282,0.06282,6324.1,6324.1,0.0015,0.0015,0.01,4.1937e-05,4.1937e-05,6268.1,6268.1,0,0,0,-0.054117,-0.054117,6150.3,6150.3,0.0005,0.0005,0.005,-0.012433,-0.012433,6209,6209,0.0025,0.0025,0.015,0.012539,0.012539,6307.5,6307.5,0.0011197,0.0011197,0.0060643,0.019231,0.019231,57.06,57.06,1
336,2630,0.0015,0.0015,0.01,-8.7477e-05,-8.7477e-05,6255.3,6255.3,0.003,0.003,0.02,0.038919,0.038919,6322.2,6322.2,0.0015,0.0015,0.01,2.6502e-05,2.6502e-05,6267.8,6267.8,0,0,0,-0.041099,-0.041099,6153.1,6153.1,0.0005,0.0005,0.005,-0.013133,-0.013133,6210.3,6210.3,0.0025,0.0025,0.015,0.013761,0.013761,6306.1,6306.1,0.0011197,0.0011197,0.0060643,0.017683,0.017683,55.514,55.514,1
336,2640,0.0015,0.0015,0.01,8.6894e-05,8.6894e-05,6255.3,6255.3,0.003,0.003,0.02,0.026006,0.026006,6320.3,6320.3,0.0015,0.0015,0.01,1.1448e-05,1.1448e-05,6267.4,6267.4,0,0,0,-0.026782,-0.026782,6155.8,6155.8,0.0005,0.0005,0.005,-0.0052189,-0.0052189,6211.5,6211.5,0.0025,0.0025,0.015,0.005155,0.005155,6304.7,6304.7,0.0011197,0.0011197,0.0060643,0.0082043,0.0082043,54.012,54.012,1
336,2650,0.0015,0.0015,0.01,1.7095e-05,1.7095e-05,6255.3,6255.3,0.003,0.003,0.02,0.10175,0.10175,6318.7,6318.7,0.0015,0.0015,0.01,-4.7962e-05,-4.7962e-05,6266.9,6266.9,0,0,0,-0.10387,-0.10387,6158.5,6158.5,0.0005,0.0005,0.005,-0.013917,-0.013917,6212.6,6212.6,0.0025,0.0025,0.015,0.014933,0.014933,6303.3,6303.3,0.0011197,0.0011197,0.0060643,0.027102,0.027102,52.573,52.573,1
336,2660,0.0015,0.0015,0.01,-1.4103e-05,-1.4103e-05,6255.2,6255.2,0.003,0.003,0.02,0.051237,0.051237,6316.8,6316.8,0.0015,0.0015,0.01,-4.6295e-05,-4.6295e-05,6266.7,6266.7,0,0,0,-0.045161,-0.045161,6161.1,6161.1,0.0005,0.0005,0.005,-0.011857,-0.011857,6213.8,6213.8,0.0025,0.0025,0.015,0.012235,0.012235,6302,6302,0.0011197,0.0011197,0.0060643,0.01723,0.01723,51.14,51.14,1
336,2670,0.0015,0.0015,0.01,9.4545e-05,9.4545e-05,6255.2,6255.2,0.003,0.003,0.02,0.032339,0.032339,6315.1,6315.1,0.0015,0.0015,0.01,-1.3811e-05,-1.3811e-05,6266.3,6266.3,0,0,0,-0.03288,-0.03288,6163.6,6163.6,0.0005,0.0005,0.005,-0.0038676,-0.0038676,6214.9,6214.9,0.0025,0.0025,0.015,0.0049021,0.0049021,6300.7,6300.7,0.0011197,0.0011197,0.0060643,0.0096331,0.0096331,49.757,49.757,1
336,2680,0.0015,0.0015,0.01,2.8981e-05,2.8981e-05,6255.2,6255.2,0.003,0.003,0.02,0.099625,0.099625,6313.6,6313.6,0.0015,0.0015,0.01,5.3339e-06,5.3337e-06,6265.9,6265.9,0,0,0,-0.1001,-0.1001,6166.1,6166.1,0.0005,0.0005,0.005,-0.016065,-0.016065,6215.9,6215.9,0.0025,0.0025,0.015,0.014957,0.014957,6299.4,6299.4,0.0011197,0.0011197,0.0060643,0.029676,0.029676,48.428,48.428,1
336,2690,0.0015,0.0015,0.01,0.00010105,0.00010105,6255.1,6255.1,0.003,0.003,0.02,0.033753,0.033753,6311.9,6311.9,0.0015,0.0015,0.01,-1.5543e-05,-1.5543e-05,6265.7,6265.7,0,0,0,-0.033739,-0.033739,6168.4,6168.4,0.0005,0.0005,0.005,-0.00618,-0.00618,6216.9,6216.9,0.0025,0.0025,0.015,0.0061415,0.0061415,6298.2,6298.2,0.0011197,0.0011197,0.0060643,0.011519,0.011519,47.111,47.111,1
336,2700,0.0015,0.0015,0.01,9.7622e-05,9.7621e-05,6255.1,6255.1,0.003,0.003,0.02,0.1344,0.1344,6310.4,6310.4,0.0015,0.0015,0.01,4.3574e-06,4.3574e-06,6265.3,6265.3,0,0,0,-0.13045,-0.13045,6170.7,6170.7,0.0005,0.0005,0.005,-0.026494,-0.026494,6217.9,6217.9,0.0025,0.0025,0.015,0.026161,0.026161,6297,6297,0.0011197,0.0011197,0.0060643,0.040985,0.040985,45.855,45.855,1
336,2710,0.0015,0.0015,0.01,9.1539e-05,9.1539e-05,6255.1,6255.1,0.003,0.003,0.02,0.13916,0.13916,6308.9,6308.9,0.0015,0.0015,0.01,-3.2166e-05,-3.2166e-05,6265,6265,0,0,0,-0.13405,-0.13405,6173,6173,0.0005,0.0005,0.005,-0.025067,-0.025067,6218.9,6218.9,0.0025,0.0025,0.015,0.025393,0.025393,6295.9,6295.9,0.0011197,0.0011197,0.0060643,0.040694,0.040694,44.622,44.622,1
336,2720,0.0015,0.0015,0.01,-9.2125e-05,-9.2125e-05,6255.1,6255.1,0.003,0.003,0.02,0.041842,0.041842,6307.4,6307.4,0.0015,0.0015,0.01,-1.1942e-05,-1.1942e-05,6264.7,6264.7,0,0,0,-0.034508,-0.034508,6175.2,6175.2,0.0005,0.0005,0.005,-0.0075264,-0.0075264,6219.9,6219.9,0.0025,0.0025,0.015,0.006216,0.006216,6294.7,6294.7,0.0011197,0.0011197,0.0060643,0.012046,0.012046,43.404,43.404,1
336,2730,0.0015,0.0015,0.01,0.00013567,0.00013567,6255,6255,0.003,0.003,0.02,0.070378,0.070378,6306,6306,0.0015,0.0015,0.01,2.6905e-06,2.6905e-06,6264.4,6264.4,0,0,0,-0.075337,-0.075337,6177.3,6177.3,0.0005,0.0005,0.005,-0.014704,-0.014704,6220.8,6220.8,0.0025,0.0025,0.015,0.01446,0.01446,6293.6,6293.6,0.0011197,0.0011197,0.0060643,0.02533,0.02533,42.245,42.245,1
336,2740,0.0015,0.0015,0.01,8.9023e-05,8.9023e-05,6255,6255,0.003,0.003,0.02,0.10439,0.10439,6304.7,6304.7,0.0015,0.0015,0.01,-5.1052e-05,-5.1052e-05,6264.1,6264.1,0,0,0,-0.10305,-0.10305,6179.3,6179.3,0.0005,0.0005,0.005,-0.023761,-0.023761,6221.7,6221.7,0.0025,0.0025,0.015,0.023811,0.023811,6292.6,6292.6,0.0011197,0.0011197,0.0060643,0.034893,0.034893,41.114,41.114,1
336,2750,0.0015,0.0015,0.01,7.5354e-05,7.5354e-05,6255,6255,0.003,0.003,0.02,0.10151,0.10151,6303.3,6303.3,0.0015,0.0015,0.01,-4.5651e-06,-4.5651e-06,6263.9,6263.9,0,0,0,-0.1009,-0.1009,6181.4,6181.4,0.0005,0.0005,0.005,-0.020945,-0.020945,6222.5,6222.5,0.0025,0.0025,0.015,0.020894,0.020894,6291.5,6291.5,0.0011197,0.0011197,0.0060643,0.032425,0.032425,40.006,40.006,1
336,2760,0.0015,0.0015,0.01,5.9397e-05,5.9397e-05,6255,6255,0.003,0.003,0.02,0.13208,0.13208,6302,6302,0.0015,0.0015,0.01,-3.414e-05,-3.414e-05,6263.6,6263.6,0,0,0,-0.13466,-0.13466,6183.3,6183.3,0.0005,0.0005,0.005,-0.027761,-0.027761,6223.4,6223.4,0.0025,0.0025,0.015,0.027242,0.027242,6290.5,6290.5,0.0011197,0.0011197,0.0060643,0.042368,0.042368,38.935,38.935,1
336,2770,0.0015,0.0015,0.01,-8.9711e-05,-8.9711e-05,6254.9,6254.9,0.003,0.003,0.02,0.026277,0.026277,6300.6,6300.6,0.0015,0.0015,0.01,-6.1313e-06,-6.1313e-06,6263.4,6263.4,0,0,0,-0.026792,-0.026792,6185.3,6185.3,0.0005,0.0005,0.005,-0.0069334,-0.0069334,6224.2,6224.2,0.0025,0.0025,0.015,0.0062286,0.0062286,6289.6,6289.6,0.0011197,0.0011197,0.0060643,0.0098926,0.0098926,37.867,37.867,1
336,2780,0.0015,0.0015,0.01,-6.2182e-05,-6.2182e-05,6254.9,6254.9,0.003,0.003,0.02,0.039508,0.039508,6299.4,6299.4,0.0015,0.0015,0.01,4.2475e-05,4.2475e-05,6263.1,6263.1,0,0,0,-0.040395,-0.040395,6187.1,6187.1,0.0005,0.0005,0.005,-0.0081267,-0.0081267,6225,6225,0.0025,0.0025,0.015,0.0086534,0.0086534,6288.6,6288.6,0.0011197,0.0011197,0.0060643,0.014193,0.014193,36.855,36.855,1
336,2790,0.0015,0.0015,0.01,-1.7307e-05,-1.7308e-05,6254.9,6254.9,0.003,0.003,0.02,0.0866,0.0866,6298.2,6298.2,0.0015,0.0015,0.01,2.4669e-06,2.4669e-06,6262.9,6262.9,0,0,0,-0.085069,-0.085069,6188.9,6188.9,0.0005,0.0005,0.005,-0.011032,-0.011032,6225.8,6225.8,0.0025,0.0025,0.015,0.011517,0.011517,6287.6,6287.6,0.0011197,0.0011197,0.0060643,0.022624,0.022624,35.869,35.869,1
336,2800,0.0015,0.0015,0.01,1.1291e-05,1.1291e-05,6254.9,6254.9,0.003,0.003,0.02,0.091864,0.091864,6297,6297,0.0015,0.0015,0.01,-1.3751e-05,-1.3751e-05,6262.7,6262.7,0,0,0,-0.089313,-0.089313,6190.7,6190.7,0.0005,0.0005,0.005,-0.011098,-0.011098,6226.6,6226.6,0.0025,0.0025,0.015,0.011356,0.011356,6286.8,6286.8,0.0011197,0.0011197,0.0060643,0.023125,0.023125,34.906,34.906,1
336,2810,0.0015,0.0015,0.01,-3.8502e-08,-3.8498e-08,6254.9,6254.9,0.003,0.003,0.02,0.089074,0.089074,6295.8,6295.8,0.0015,0.0015,0.01,-6.4461e-05,-6.4461e-05,6262.4,6262.4,0,0,0,-0.08571,-0.08571,6192.4,6192.4,0.0005,0.0005,0.005,-0.014428,-0.014428,6227.3,6227.3,0.0025,0.0025,0.015,0.0138,0.0138,6285.9,6285.9,0.0011197,0.0011197,0.0060643,0.0243,0.0243,33.969,33.969,1
336,2820,0.0015,0.0015,0.01,-1.5317e-05,-1.5317e-05,6254.8,6254.8,0.003,0.003,0.02,0.091636,0.091636,6294.7,6294.7,0.0015,0.0015,0.01,-1.0688e-05,-1.0688e-05,6262.2,6262.2,0,0,0,-0.087927,-0.087927,6194.1,6194.1,0.0005,0.0005,0.005,-0.017583,-0.017583,6228,6228,0.0025,0.0025,0.015,0.017538,0.017538,6285.1,6285.1,0.0011197,0.0011197,0.0060643,0.027229,0.027229,33.057,33.057,1
336,2830,0.0015,0.0015,0.01,-2.1194e-05,-2.1194e-05,6254.8,6254.8,0.003,0.003,0.02,0.095556,0.095556,6293.6,6293.6,0.0015,0.0015,0.01,-5.0101e-05,-5.0101e-05,6262,6262,0,0,0,-0.091846,-0.091846,6195.7,6195.7,0.0005,0.0005,0.005,-0.020211,-0.020211,6228.7,6228.7,0.0025,0.0025,0.015,0.019483,0.019483,6284.2,6284.2,0.0011197,0.0011197,0.0060643,0.02965,0.02965,32.17,32.17,1
336,2840,0.0015,0.0015,0.01,-2.2426e-05,-2.2426e-05,6254.8,6254.8,0.003,0.003,0.02,0.098102,0.098102,6292.6,6292.6,0.0015,0.0015,0.01,-1.5848e-05,-1.5848e-05,6261.8,6261.8,0,0,0,-0.094532,-0.094532,6197.3,6197.3,0.0005,0.0005,0.005,-0.020543,-0.020543,6229.4,6229.4,0.0025,0.0025,0.015,0.020417,0.020417,6283.4,6283.4,0.0011197,0.0011197,0.0060643,0.031316,0.031316,31.306,31.306,1
336,2850,0.0015,0.0015,0.01,-2.3366e-05,-2.3366e-05,6254.8,6254.8,0.003,0.003,0.02,0.099138,0.099138,6291.5,6291.5,0.0015,0.0015,0.01,-2.5488e-05,-2.5488e-05,6261.6,6261.6,0,0,0,-0.095766,-0.095766,6198.8,6198.8,0.0005,0.0005,0.005,-0.021143,-0.021143,6230,6230,0.0025,0.0025,0.015,0.021726,0.021726,6282.7,6282.7,0.0011197,0.0011197,0.0060643,0.032464,0.032464,30.466,30.466,1
336,2860,0.0015,0.0015,0.01,-2.4534e-05,-2.4534e-05,6254.8,6254.8,0.003,0.003,0.02,0.099448,0.099448,6290.5,6290.5,0.0015,0.0015,0.01,6.3862e-05,6.3862e-05,6261.3,6261.3,0,0,0,-0.096303,-0.096303,6200.3,6200.3,0.0005,0.0005,0.005,-0.022071,-0.022071,6230.7,6230.7,0.0025,0.0025,0.015,0.022579,0.022579,6281.9,6281.9,0.0011197,0.0011197,0.0060643,0.033304,0.033304,29.648,29.648,1
336,2870,0.0015,0.0015,0.01,-2.5249e-05,-2.5249e-05,6254.7,6254.7,0.003,0.003,0.02,0.099432,0.099432,6289.6,6289.6,0.0015,0.0015,0.01,9.5463e-05,9.5463e-05,6261.2,6261.2,0,0,0,-0.096527,-0.096527,6201.7,6201.7,0.0005,0.0005,0.005,-0.022535,-0.022535,6231.3,6231.3,0.0025,0.0025,0.015,0.023304,0.023304,6281.2,6281.2,0.0011197,0.0011197,0.0060643,0.033905,0.033905,28.852,28.852,1
336,2880,0.0015,0.0015,0.01,-2.52e-05,-2.52e-05,6254.7,6254.7,0.003,0.003,0.02,0.099097,0.099097,6288.6,6288.6,0.0015,0.0015,0.01,-1.28e-05,-1.28e-05,6261,6261,0,0,0,-0.096436,-0.096436,6203.1,6203.1,0.0005,0.0005,0.005,-0.023027,-0.023027,6231.9,6231.9,0.0025,0.0025,0.015,0.023504,0.023504,6280.4,6280.4,0.0011197,0.0011197,0.0060643,0.034285,0.034285,28.078,28.078,1
336,2890,0.0015,0.0015,0.01,-2.4513e-05,-2.4513e-05,6254.7,6254.7,0.003,0.003,0.02,0.09837,0.09837,6287.7,6287.7,0.0015,0.0015,0.01,-8.6056e-05,-8.6056e-05,6260.8,6260.8,0,0,0,-0.095949,-0.095949,6204.5,6204.5,0.0005,0.0005,0.005,-0.023354,-0.023354,6232.5,6232.5,0.0025,0.0025,0.015,0.023562,0.023562,6279.7,6279.7,0.0011197,0.0011197,0.0060643,0.034462,0.034462,27.323,27.323,1
336,2900,0.0015,0.0015,0.01,-2.3398e-05,-2.3398e-05,6254.7,6254.7,0.003,0.003,0.02,0.097242,0.097242,6286.8,6286.8,0.0015,0.0015,0.01,1.7923e-05,1.7923e-05,6260.6,6260.6,0,0,0,-0.095053,-0.095053,6205.8,6205.8,0.0005,0.0005,0.005,-0.023208,-0.023208,6233.1,6233.1,0.0025,0.0025,0.015,0.023285,0.023285,6279,6279,0.0011197,0.0011197,0.0060643,0.034461,0.034461,26.59,26.59,1
336,2910,0.0015,0.0015,0.01,-2.2043e-05,-2.2043e-05,6254.7,6254.7,0.003,0.003,0.02,0.095767,0.095767,6285.9,6285.9,0.0015,0.0015,0.01,-0.00014946,-0.00014946,6260.4,6260.4,0,0,0,-0.093799,-0.093799,6207.1,6207.1,0.0005,0.0005,0.005,-0.022678,-0.022678,6233.6,6233.6,0.0025,0.0025,0.015,0.022918,0.022918,6278.4,6278.4,0.0011197,0.0011197,0.0060643,0.03431,0.03431,25.876,25.876,1
336,2920,0.0015,0.0015,0.01,6.9328e-05,6.9328e-05,6254.7,6254.7,0.003,0.003,0.02,0.047275,0.047275,6285.1,6285.1,0.0015,0.0015,0.01,-8.3052e-06,-8.3052e-06,6260.2,6260.2,0,0,0,-0.044947,-0.044947,6208.3,6208.3,0.0005,0.0005,0.005,-0.0084662,-0.0084662,6234.1,6234.1,0.0025,0.0025,0.015,0.0082088,0.0082088,6277.8,6277.8,0.0011197,0.0011197,0.0060643,0.013938,0.013938,25.238,25.238,1
336,2930,0.0015,0.0015,0.01,-2.4975e-05,-2.4975e-05,6254.6,6254.6,0.003,0.003,0.02,0.055479,0.055479,6284.4,6284.4,0.0015,0.0015,0.01,-4.0937e-05,-4.0937e-05,6260.1,6260.1,0,0,0,-0.059916,-0.059916,6209.5,6209.5,0.0005,0.0005,0.005,-0.01312,-0.01312,6234.7,6234.7,0.0025,0.0025,0.015,0.013888,0.013888,6277.2,6277.2,0.0011197,0.0011197,0.0060643,0.020378,0.020378,24.573,24.573,1
336,2940,0.0015,0.0015,0.01,-4.7948e-05,-4.7948e-05,6254.6,6254.6,0.003,0.003,0.02,0.10141,0.10141,6283.5,6283.5,0.0015,0.0015,0.01,8.9692e-06,8.9692e-06,6259.9,6259.9,0,0,0,-0.10378,-0.10378,6210.7,6210.7,0.0005,0.0005,0.005,-0.018743,-0.018743,6235.2,6235.2,0.0025,0.0025,0.015,0.018358,0.018358,6276.5,6276.5,0.0011197,0.0011197,0.0060643,0.031498,0.031498,23.928,23.928,1
336,2950,0.0015,0.0015,0.01,-5.5003e-05,-5.5003e-05,6254.6,6254.6,0.003,0.003,0.02,0.074743,0.074743,6282.9,6282.9,0.0015,0.0015,0.01,-3.4796e-05,-3.4796e-05,6259.7,6259.7,0,0,0,-0.076255,-0.076255,6211.8,6211.8,0.0005,0.0005,0.005,-0.015111,-0.015111,6235.7,6235.7,0.0025,0.0025,0.015,0.014843,0.014843,6276,6276,0.0011197,0.0011197,0.0060643,0.023853,0.023853,23.303,23.303,1
336,2960,0.0015,0.0015,0.01,-3.0737e-05,-3.0737e-05,6254.6,6254.6,0.003,0.003,0.02,0.069021,0.069021,6282,6282,0.0015,0.0015,0.01,-5.4944e-05,-5.4944e-05,6259.6,6259.6,0,0,0,-0.066911,-0.066911,6213,6213,0.0005,0.0005,0.005,-0.014698,-0.014698,6236.2,6236.2,0.0025,0.0025,0.015,0.015066,0.015066,6275.4,6275.4,0.0011197,0.0011197,0.0060643,0.024153,0.024153,22.672,22.672,1
336,2970,0.0015,0.0015,0.01,3.6601e-07,3.6605e-07,6254.6,6254.6,0.003,0.003,0.02,0.099773,0.099773,6281.3,6281.3,0.0015,0.0015,0.01,4.6416e-06,4.6416e-06,6259.5,6259.5,0,0,0,-0.09333,-0.09333,6214.1,6214.1,0.0005,0.0005,0.005,-0.01711,-0.01711,6236.6,6236.6,0.0025,0.0025,0.015,0.017923,0.017923,6274.8,6274.8,0.0011197,0.0011197,0.0060643,0.028493,0.028493,22.088,22.088,1
336,2980,0.0015,0.0015,0.01,-2.7858e-06,-2.7854e-06,6254.6,6254.6,0.003,0.003,0.02,0.052536,0.052536,6280.6,6280.6,0.0015,0.0015,0.01,-4.9688e-06,-4.9688e-06,6259.3,6259.3,0,0,0,-0.052166,-0.052166,6215.2,6215.2,0.0005,0.0005,0.005,-0.0071952,-0.0071952,6237.1,6237.1,0.0025,0.0025,0.015,0.0070842,0.0070842,6274.3,6274.3,0.0011197,0.0011197,0.0060643,0.015059,0.015059,21.503,21.503,1
336,2990,0.0015,0.0015,0.01,-3.6957e-05,-3.6957e-05,6254.6,6254.6,0.003,0.003,0.02,0.085064,0.085064,6279.9,6279.9,0.0015,0.0015,0.01,-3.5328e-05,-3.5328e-05,6259.2,6259.2,0,0,0,-0.089851,-0.089851,6216.2,6216.2,0.0005,0.0005,0.005,-0.019911,-0.019911,6237.5,6237.5,0.0025,0.0025,0.015,0.021351,0.021351,6273.7,6273.7,0.0011197,0.0011197,0.0060643,0.030292,0.030292,20.945,20.945,1
336,3000,0.0015,0.0015,0.01,-4.1241e-05,-4.1241e-05,6254.6,6254.6,0.003,0.003,0.02,0.058044,0.058044,6279.3,6279.3,0.0015,0.0015,0.01,-1.05e-05,-1.05e-05,6259,6259,0,0,0,-0.054196,-0.054196,6217.2,6217.2,0.0005,0.0005,0.005,-0.01043,-0.01043,6238,6238,0.0025,0.0025,0.015,0.010771,0.010771,6273.2,6273.2,0.0011197,0.0011197,0.0060643,0.017478,0.017478,20.396,20.396,1
336,3010,0.0015,0.0015,0.01,-3.9619e-05,-3.9619e-05,6254.5,6254.5,0.003,0.003,0.02,0.066385,0.066385,6278.6,6278.6,0.0015,0.0015,0.01,7.6252e-08,7.6252e-08,6258.9,6258.9,0,0,0,-0.067301,-0.067301,6218.2,6218.2,0.0005,0.0005,0.005,-0.011804,-0.011804,6238.4,6238.4,0.0025,0.0025,0.015,0.012257,0.012257,6272.7,6272.7,0.0011197,0.0011197,0.0060643,0.022639,0.022639,19.846,19.846,1
336,3020,0.0015,0.0015,0.01,-2.7369e-06,-2.7369e-06,6254.5,6254.5,0.003,0.003,0.02,0.057737,0.057737,6277.9,6277.9,0.0015,0.0015,0.01,4.9655e-05,4.9655e-05,6258.8,6258.8,0,0,0,-0.052867,-0.052867,6219.1,6219.1,0.0005,0.0005,0.005,-0.0098517,-0.0098517,6238.8,6238.8,0.0025,0.0025,0.015,0.01027,0.01027,6272.2,6272.2,0.0011197,0.0011197,0.0060643,0.016737,0.016737,19.332,19.332,1
336,3030,0.0015,0.0015,0.01,-0.00012173,-0.00012173,6254.5,6254.5,0.003,0.003,0.02,0.069806,0.069806,6277.3,6277.3,0.0015,0.0015,0.01,-8.2803e-05,-8.2803e-05,6258.6,6258.6,0,0,0,-0.071959,-0.071959,6220,6220,0.0005,0.0005,0.005,-0.014666,-0.014666,6239.2,6239.2,0.0025,0.0025,0.015,0.016241,0.016241,6271.8,6271.8,0.0011197,0.0011197,0.0060643,0.025645,0.025645,18.822,18.822,1
336,3040,0.0015,0.0015,0.01,-0.000109,-0.000109,6254.5,6254.5,0.003,0.003,0.02,0.04044,0.04044,6276.7,6276.7,0.0015,0.0015,0.01,-2.6675e-05,-2.6675e-05,6258.5,6258.5,0,0,0,-0.04325,-0.04325,6221,6221,0.0005,0.0005,0.005,-0.0099082,-0.0099082,6239.6,6239.6,0.0025,0.0025,0.015,0.010346,0.010346,6271.3,6271.3,0.0011197,0.0011197,0.0060643,0.015282,0.015282,18.326,18.326,1
336,3050,0.0015,0.0015,0.01,-7.9757e-05,-7.9757e-05,6254.5,6254.5,0.003,0.003,0.02,0.047328,0.047328,6276.1,6276.1,0.0015,0.0015,0.01,0.00011401,0.00011401,6258.4,6258.4,0,0,0,-0.04996,-0.04996,6221.8,6221.8,0.0005,0.0005,0.005,-0.010467,-0.010467,6239.9,6239.9,0.0025,0.0025,0.015,0.011762,0.011762,6270.9,6270.9,0.0011197,0.0011197,0.0060643,0.016675,0.016675,17.858,17.858,1
336,3060,0.0015,0.0015,0.01,1.2808e-05,1.2808e-05,6254.5,6254.5,0.003,0.003,0.02,0.073198,0.073198,6275.7,6275.7,0.0015,0.0015,0.01,-1.0255e-05,-1.0255e-05,6258.2,6258.2,0,0,0,-0.072543,-0.072543,6222.6,6222.6,0.0005,0.0005,0.005,-0.013725,-0.013725,6240.3,6240.3,0.0025,0.0025,0.015,0.01336,0.01336,6270.5,6270.5,0.0011197,0.0011197,0.0060643,0.023064,0.023064,17.4,17.4,1
336,3070,0.0015,0.0015,0.01,-6.7438e-05,-6.7438e-05,6254.5,6254.5,0.003,0.003,0.02,0.051509,0.051509,6275,6275,0.0015,0.0015,0.01,4.6297e-05,4.6297e-05,6258.2,6258.2,0,0,0,-0.061512,-0.061512,6223.5,6223.5,0.0005,0.0005,0.005,-0.0098116,-0.0098116,6240.6,6240.6,0.0025,0.0025,0.015,0.010017,0.010017,6270,6270,0.0011197,0.0011197,0.0060643,0.017165,0.017165,16.947,16.947,1
336,3080,0.0015,0.0015,0.01,2.4493e-05,2.4494e-05,6254.5,6254.5,0.003,0.003,0.02,0.059713,0.059713,6274.6,6274.6,0.0015,0.0015,0.01,1.9292e-05,1.9292e-05,6258,6258,0,0,0,-0.058719,-0.058719,6224.3,6224.3,0.0005,0.0005,0.005,-0.013528,-0.013528,6241,6241,0.0025,0.0025,0.015,0.013702,0.013702,6269.6,6269.6,0.0011197,0.0011197,0.0060643,0.021337,0.021337,16.508,16.508,1
336,3090,0.0015,0.0015,0.01,-6.4331e-05,-6.4331e-05,6254.5,6254.5,0.003,0.003,0.02,0.061291,0.061291,6273.9,6273.9,0.0015,0.0015,0.01,2.0154e-05,2.0154e-05,6258,6258,0,0,0,-0.060305,-0.060305,6225,6225,0.0005,0.0005,0.005,-0.0095565,-0.0095565,6241.3,6241.3,0.0025,0.0025,0.015,0.0093521,0.0093521,6269.2,6269.2,0.0011197,0.0011197,0.0060643,0.01766,0.01766,16.077,16.077,1
336,3100,0.0015,0.0015,0.01,2.5018e-05,2.5018e-05,6254.4,6254.4,0.003,0.003,0.02,0.056201,0.056201,6273.5,6273.5,0.0015,0.0015,0.01,7.5851e-05,7.5851e-05,6257.8,6257.8,0,0,0,-0.052323,-0.052323,6225.8,6225.8,0.0005,0.0005,0.005,-0.010738,-0.010738,6241.7,6241.7,0.0025,0.0025,0.015,0.011036,0.011036,6268.8,6268.8,0.0011197,0.0011197,0.0060643,0.018448,0.018448,15.661,15.661,1
336,3110,0.0015,0.0015,0.01,-4.8353e-05,-4.8353e-05,6254.4,6254.4,0.003,0.003,0.02,0.067546,0.067546,6272.9,6272.9,0.0015,0.0015,0.01,1.7683e-05,1.7683e-05,6257.8,6257.8,0,0,0,-0.066979,-0.066979,6226.5,6226.5,0.0005,0.0005,0.005,-0.0090568,-0.0090568,6241.9,6241.9,0.0025,0.0025,0.015,0.008832,0.008832,6268.4,6268.4,0.0011197,0.0011197,0.0060643,0.018298,0.018298,15.254,15.254,1
336,3120,0.0015,0.0015,0.01,1.8581e-05,1.8581e-05,6254.4,6254.4,0.003,0.003,0.02,0.056473,0.056473,6272.5,6272.5,0.0015,0.0015,0.01,1.7023e-05,1.7023e-05,6257.6,6257.6,0,0,0,-0.055193,-0.055193,6227.3,6227.3,0.0005,0.0005,0.005,-0.0098273,-0.0098273,6242.3,6242.3,0.0025,0.0025,0.015,0.010021,0.010021,6268.1,6268.1,0.0011197,0.0011197,0.0060643,0.017361,0.017361,14.858,14.858,1
336,3130,0.0015,0.0015,0.01,-3.911e-05,-3.911e-05,6254.4,6254.4,0.003,0.003,0.02,0.065084,0.065084,6272,6272,0.0015,0.0015,0.01,-1.3318e-05,-1.3318e-05,6257.6,6257.6,0,0,0,-0.064724,-0.064724,6228,6228,0.0005,0.0005,0.005,-0.0090068,-0.0090068,6242.6,6242.6,0.0025,0.0025,0.015,0.0083276,0.0083276,6267.7,6267.7,0.0011197,0.0011197,0.0060643,0.017542,0.017542,14.471,14.471,1
336,3140,0.0015,0.0015,0.01,1.7033e-05,1.7033e-05,6254.4,6254.4,0.003,0.003,0.02,0.054877,0.054877,6271.6,6271.6,0.0015,0.0015,0.01,3.1704e-05,3.1704e-05,6257.4,6257.4,0,0,0,-0.05553,-0.05553,6228.7,6228.7,0.0005,0.0005,0.005,-0.0095686,-0.0095686,6242.9,6242.9,0.0025,0.0025,0.015,0.0096051,0.0096051,6267.4,6267.4,0.0011197,0.0011197,0.0060643,0.016957,0.016957,14.096,14.096,1
336,3150,0.0015,0.0015,0.01,-4.819e-05,-4.819e-05,6254.4,6254.4,0.003,0.003,0.02,0.079309,0.079309,6271,6271,0.0015,0.0015,0.01,-9.614e-07,-9.614e-07,6257.4,6257.4,0,0,0,-0.07913,-0.07913,6229.4,6229.4,0.0005,0.0005,0.005,-0.010182,-0.010182,6243.2,6243.2,0.0025,0.0025,0.015,0.010775,0.010775,6266.9,6266.9,0.0011197,0.0011197,0.0060643,0.021472,0.021472,13.691,13.691,1
336,3160,0.0015,0.0015,0.01,7.9532e-05,7.9532e-05,6254.4,6254.4,0.003,0.003,0.02,0.040369,0.040369,6270.6,6270.6,0.0015,0.0015,0.01,2.3248e-05,2.3248e-05,6257.3,6257.3,0,0,0,-0.0395,-0.0395,6230.1,6230.1,0.0005,0.0005,0.005,-0.010237,-0.010237,6243.5,6243.5,0.0025,0.0025,0.015,0.010843,0.010843,6266.6,6266.6,0.0011197,0.0011197,0.0060643,0.016373,0.016373,13.329,13.329,1
336,3170,0.0015,0.0015,0.01,-3.7372e-05,-3.7372e-05,6254.4,6254.4,0.003,0.003,0.02,0.016148,0.016148,6270.2,6270.2,0.0015,0.0015,0.01,1.0701e-06,1.0701e-06,6257.2,6257.2,0,0,0,-0.021414,-0.021414,6230.6,6230.6,0.0005,0.0005,0.005,-0.0047236,-0.0047236,6243.7,6243.7,0.0025,0.0025,0.015,0.0046757,0.0046757,6266.3,6266.3,0.0011197,0.0011197,0.0060643,0.0076568,0.0076568,13.018,13.018,1
336,3180,0.0015,0.0015,0.01,-6.0155e-07,-6.0162e-07,6254.4,6254.4,0.003,0.003,0.02,0.012498,0.012498,6269.9,6269.9,0.0015,0.0015,0.01,-4.6919e-06,-4.6919e-06,6257.1,6257.1,0,0,0,-0.010747,-0.010747,6231.1,6231.1,0.0005,0.0005,0.005,-0.0028331,-0.0028331,6244,6244,0.0025,0.0025,0.015,0.0030834,0.0030834,6266.1,6266.1,0.0011197,0.0011197,0.0060643,0.0042998,0.0042998,12.751,12.751,1
336,3190,0.0015,0.0015,0.01,-1.0956e-05,-1.0956e-05,6254.4,6254.4,0.003,0.003,0.02,0.01259,0.01259,6269.4,6269.4,0.0015,0.0015,0.01,-1.2891e-06,-1.2892e-06,6257,6257,0,0,0,-0.012594,-0.012594,6231.9,6231.9,0.0005,0.0005,0.005,-0.0026214,-0.0026214,6244.2,6244.2,0.0025,0.0025,0.015,0.0026537,0.0026537,6265.7,6265.7,0.0011197,0.0011197,0.0060643,0.0046449,0.0046449,12.366,12.366,1
336,3200,0.0015,0.0015,0.01,0.00019891,0.00019891,6254.4,6254.4,0.003,0.003,0.02,0.048066,0.048066,6269,6269,0.0015,0.0015,0.01,-7.554e-05,-7.554e-05,6256.9,6256.9,0,0,0,-0.047869,-0.047869,6232.5,6232.5,0.0005,0.0005,0.005,-0.016578,-0.016578,6244.5,6244.5,0.0025,0.0025,0.015,0.01667,0.01667,6265.4,6265.4,0.0011197,0.0011197,0.0060643,0.021518,0.021518,12.025,12.025,1
336,3210,0.0015,0.0015,0.01,-0.00029809,-0.00029809,6254.4,6254.4,0.003,0.003,0.02,0.030287,0.030287,6268.7,6268.7,0.0015,0.0015,0.01,-2.9374e-06,-2.9375e-06,6256.9,6256.9,0,0,0,-0.033866,-0.033866,6232.9,6232.9,0.0005,0.0005,0.005,-0.0086772,-0.0086772,6244.7,6244.7,0.0025,0.0025,0.015,0.0077127,0.0077127,6265.2,6265.2,0.0011197,0.0011197,0.0060643,0.012304,0.012304,11.781,11.781,1
336,3220,0.0015,0.0015,0.01,0.0002058,0.0002058,6254.4,6254.4,0.003,0.003,0.02,0.070987,0.070987,6268.3,6268.3,0.0015,0.0015,0.01,8.3117e-06,8.3117e-06,6256.8,6256.8,0,0,0,-0.06794,-0.06794,6233.5,6233.5,0.0005,0.0005,0.005,-0.011744,-0.011744,6245,6245,0.0025,0.0025,0.015,0.011437,0.011437,6264.9,6264.9,0.0011197,0.0011197,0.0060643,0.022446,0.022446,11.428,11.428,1
336,3230,0.0015,0.0015,0.01,0.00019316,0.00019316,6254.3,6254.3,0.003,0.003,0.02,0.086789,0.086789,6268.1,6268.1,0.0015,0.0015,0.01,-4.1776e-05,-4.1776e-05,6256.7,6256.7,0,0,0,-0.084216,-0.084216,6234,6234,0.0005,0.0005,0.005,-0.014306,-0.014306,6245.2,6245.2,0.0025,0.0025,0.015,0.013924,0.013924,6264.6,6264.6,0.0011197,0.0011197,0.0060643,0.027687,0.027687,11.202,11.202,1
336,3240,0.0015,0.0015,0.01,-0.00021249,-0.00021249,6254.3,6254.3,0.003,0.003,0.02,0.040554,0.040554,6267.6,6267.6,0.0015,0.0015,0.01,-2.7334e-05,-2.7334e-05,6256.7,6256.7,0,0,0,-0.041145,-0.041145,6234.5,6234.5,0.0005,0.0005,0.005,-0.006938,-0.006938,6245.4,6245.4,0.0025,0.0025,0.015,0.0070947,0.0070947,6264.3,6264.3,0.0011197,0.0011197,0.0060643,0.013449,0.013449,10.893,10.893,1
336,3250,0.0015,0.0015,0.01,-0.00038944,-0.00038944,6254.3,6254.3,0.003,0.003,0.02,0.044098,0.044098,6267.3,6267.3,0.0015,0.0015,0.01,-8.5531e-06,-8.5531e-06,6256.6,6256.6,0,0,0,-0.044912,-0.044912,6235,6235,0.0005,0.0005,0.005,-0.011775,-0.011775,6245.6,6245.6,0.0025,0.0025,0.015,0.010306,0.010306,6264.1,6264.1,0.0011197,0.0011197,0.0060643,0.017185,0.017185,10.62,10.62,1
336,3260,0.0015,0.0015,0.01,0.00036661,0.00036661,6254.3,6254.3,0.003,0.003,0.02,0.1078,0.1078,6267.1,6267.1,0.0015,0.0015,0.01,2.3855e-05,2.3855e-05,6256.5,6256.5,0,0,0,-0.10788,-0.10788,6235.4,6235.4,0.0005,0.0005,0.005,-0.013429,-0.013429,6245.8,6245.8,0.0025,0.0025,0.015,0.014507,0.014507,6263.9,6263.9,0.0011197,0.0011197,0.0060643,0.032898,0.032898,10.397,10.397,1
336,3270,0.0015,0.0015,0.01,-0.00010666,-0.00010666,6254.3,6254.3,0.003,0.003,0.02,0.052978,0.052978,6266.7,6266.7,0.0015,0.0015,0.01,-1.1453e-06,-1.1453e-06,6256.4,6256.4,0,0,0,-0.055693,-0.055693,6235.9,6235.9,0.0005,0.0005,0.005,-0.012504,-0.012504,6246,6246,0.0025,0.0025,0.015,0.01257,0.01257,6263.6,6263.6,0.0011197,0.0011197,0.0060643,0.021065,0.021065,10.127,10.127,1
336,3280,0.0015,0.0015,0.01,-4.6201e-05,-4.6201e-05,6254.3,6254.3,0.003,0.003,0.02,0.022946,0.022946,6266.4,6266.4,0.0015,0.0015,0.01,-8.3166e-07,-8.3166e-07,6256.4,6256.4,0,0,0,-0.02445,-0.02445,6236.4,6236.4,0.0005,0.0005,0.005,-0.0036141,-0.0036141,6246.2,6246.2,0.0025,0.0025,0.015,0.0035581,0.0035581,6263.4,6263.4,0.0011197,0.0011197,0.0060643,0.0084694,0.0084694,9.8903,9.8903,1
336,3290,0.0015,0.0015,0.01,-7.14e-05,-7.14e-05,6254.3,6254.3,0.003,0.003,0.02,0.011625,0.011625,6266.1,6266.1,0.0015,0.0015,0.01,-1.9443e-06,-1.9443e-06,6256.3,6256.3,0,0,0,-0.013586,-0.013586,6236.8,6236.8,0.0005,0.0005,0.005,-0.0027597,-0.0027597,6246.4,6246.4,0.0025,0.0025,0.015,0.002549,0.002549,6263.2,6263.2,0.0011197,0.0011197,0.0060643,0.0049202,0.0049202,9.6518,9.6518,1
336,3300,0.0015,0.0015,0.01,-0.00011517,-0.00011517,6254.3,6254.3,0.003,0.003,0.02,0.012704,0.012704,6265.8,6265.8,0.0015,0.0015,0.01,1.5237e-05,1.5237e-05,6256.3,6256.3,0,0,0,-0.013261,-0.013261,6237.3,6237.3,0.0005,0.0005,0.005,-0.0024975,-0.0024975,6246.6,6246.6,0.0025,0.0025,0.015,0.0023279,0.0023279,6263,6263,0.0011197,0.0011197,0.0060643,0.0043865,0.0043865,9.4088,9.4088,1
336,3310,0.0015,0.0015,0.01,-4.7383e-05,-4.7383e-05,6254.3,6254.3,0.003,0.003,0.02,0.02782,0.02782,6265.5,6265.5,0.0015,0.0015,0.01,-2.3666e-05,-2.3666e-05,6256.2,6256.2,0,0,0,-0.028176,-0.028176,6237.7,6237.7,0.0005,0.0005,0.005,-0.0081154,-0.0081154,6246.8,6246.8,0.0025,0.0025,0.015,0.0080608,0.0080608,6262.7,6262.7,0.0011197,0.0011197,0.0060643,0.011699,0.011699,9.1774,9.1774,1
336,3320,0.0015,0.0015,0.01,-3.4994e-05,-3.4994e-05,6254.3,6254.3,0.003,0.003,0.02,0.029474,0.029474,6265.3,6265.3,0.0015,0.0015,0.01,-7.4527e-06,-7.4527e-06,6256.1,6256.1,0,0,0,-0.030026,-0.030026,6238.1,6238.1,0.0005,0.0005,0.005,-0.0078743,-0.0078743,6246.9,6246.9,0.0025,0.0025,0.015,0.0077882,0.0077882,6262.5,6262.5,0.0011197,0.0011197,0.0060643,0.011766,0.011766,8.9517,8.9517,1
336,3330,0.0015,0.0015,0.01,-1.9594e-05,-1.9594e-05,6254.3,6254.3,0.003,0.003,0.02,0.025072,0.025072,6265,6265,0.0015,0.0015,0.01,4.6474e-07,4.6474e-07,6256.1,6256.1,0,0,0,-0.026353,-0.026353,6238.5,6238.5,0.0005,0.0005,0.005,-0.0073634,-0.0073634,6247.1,6247.1,0.0025,0.0025,0.015,0.0073469,0.0073469,6262.3,6262.3,0.0011197,0.0011197,0.0060643,0.010624,0.010624,8.7323,8.7323,1
336,3340,0.0015,0.0015,0.01,-1.1645e-05,-1.1645e-05,6254.3,6254.3,0.003,0.003,0.02,0.039593,0.039593,6264.8,6264.8,0.0015,0.0015,0.01,4.5636e-06,4.5636e-06,6256,6256,0,0,0,-0.039695,-0.039695,6238.9,6238.9,0.0005,0.0005,0.005,-0.0073406,-0.0073406,6247.3,6247.3,0.0025,0.0025,0.015,0.0072363,0.0072363,6262.1,6262.1,0.0011197,0.0011197,0.0060643,0.011918,0.011918,8.5216,8.5216,1
336,3350,0.0015,0.0015,0.01,-0.00016742,-0.00016742,6254.3,6254.3,0.003,0.003,0.02,0.10944,0.10944,6264.4,6264.4,0.0015,0.0015,0.01,-0.00092585,-0.00092585,6256,6256,0,0,0,-0.11074,-0.11074,6239.3,6239.3,0.0005,0.0005,0.005,-0.040523,-0.040523,6247.5,6247.5,0.0025,0.0025,0.015,0.041321,0.041321,6261.9,6261.9,0.0011197,0.0011197,0.0060643,0.051644,0.051644,8.2625,8.2625,1
336,3360,0.0015,0.0015,0.01,9.1692e-05,9.1692e-05,6254.3,6254.3,0.003,0.003,0.02,0.060301,0.060301,6264.2,6264.2,0.0015,0.0015,0.01,-0.0001261,-0.0001261,6255.9,6255.9,0,0,0,-0.060275,-0.060275,6239.7,6239.7,0.0005,0.0005,0.005,-0.017736,-0.017736,6247.6,6247.6,0.0025,0.0025,0.015,0.017775,0.017775,6261.7,6261.7,0.0011197,0.0011197,0.0060643,0.024953,0.024953,8.0561,8.0561,1
336,3370,0.0015,0.0015,0.01,4.1517e-05,4.1517e-05,6254.3,6254.3,0.003,0.003,0.02,0.053173,0.053173,6263.9,6263.9,0.0015,0.0015,0.01,0.00051531,0.00051531,6255.9,6255.9,0,0,0,-0.054078,-0.054078,6240.1,6240.1,0.0005,0.0005,0.005,-0.021559,-0.021559,6247.8,6247.8,0.0025,0.0025,0.015,0.020947,0.020947,6261.5,6261.5,0.0011197,0.0011197,0.0060643,0.027274,0.027274,7.8575,7.8575,1
336,3380,0.0015,0.0015,0.01,3.0694e-05,3.0694e-05,6254.3,6254.3,0.003,0.003,0.02,0.095613,0.095613,6263.8,6263.8,0.0015,0.0015,0.01,0.00011657,0.00011657,6255.9,6255.9,0,0,0,-0.095468,-0.095468,6240.3,6240.3,0.0005,0.0005,0.005,-0.013574,-0.013574,6247.9,6247.9,0.0025,0.0025,0.015,0.015066,0.015066,6261.4,6261.4,0.0011197,0.0011197,0.0060643,0.030944,0.030944,7.7485,7.7485,1
336,3390,0.0015,0.0015,0.01,1.6876e-05,1.6876e-05,6254.3,6254.3,0.003,0.003,0.02,0.074729,0.074729,6263.5,6263.5,0.0015,0.0015,0.01,1.2146e-05,1.2146e-05,6255.8,6255.8,0,0,0,-0.074397,-0.074397,6240.7,6240.7,0.0005,0.0005,0.005,-0.0076723,-0.0076723,6248,6248,0.0025,0.0025,0.015,0.0081917,0.0081917,6261.2,6261.2,0.0011197,0.0011197,0.0060643,0.024221,0.024221,7.5249,7.5249,1
336,3400,0.0015,0.0015,0.01,2.0794e-06,2.0794e-06,6254.3,6254.3,0.003,0.003,0.02,0.042916,0.042916,6263.2,6263.2,0.0015,0.0015,0.01,4.294e-06,4.294e-06,6255.7,6255.7,0,0,0,-0.043581,-0.043581,6241.1,6241.1,0.0005,0.0005,0.005,-0.0042919,-0.0042919,6248.2,6248.2,0.0025,0.0025,0.015,0.0043047,0.0043047,6261,6261,0.0011197,0.0011197,0.0060643,0.013316,0.013316,7.3056,7.3056,1
336,3410,0.0015,0.0015,0.01,-4.7308e-05,-4.7308e-05,6254.3,6254.3,0.003,0.003,0.02,0.026161,0.026161,6263.1,6263.1,0.0015,0.0015,0.01,3.0464e-06,3.0464e-06,6255.7,6255.7,0,0,0,-0.027042,-0.027042,6241.3,6241.3,0.0005,0.0005,0.005,-0.0084379,-0.0084379,6248.3,6248.3,0.0025,0.0025,0.015,0.0085912,0.0085912,6260.9,6260.9,0.0011197,0.0011197,0.0060643,0.011667,0.011667,7.1989,7.1989,1
336,3420,0.0015,0.0015,0.01,-6.5382e-05,-6.5382e-05,6254.3,6254.3,0.003,0.003,0.02,0.045231,0.045231,6262.9,6262.9,0.0015,0.0015,0.01,-6.1768e-05,-6.1768e-05,6255.6,6255.6,0,0,0,-0.042541,-0.042541,6241.6,6241.6,0.0005,0.0005,0.005,-0.0098944,-0.0098944,6248.5,6248.5,0.0025,0.0025,0.015,0.010637,0.010637,6260.7,6260.7,0.0011197,0.0011197,0.0060643,0.015365,0.015365,7.0199,7.0199,1
336,3430,0.0015,0.0015,0.01,4.2517e-06,4.2517e-06,6254.3,6254.3,0.003,0.003,0.02,0.041528,0.041528,6262.8,6262.8,0.0015,0.0015,0.01,2.0442e-05,2.0442e-05,6255.6,6255.6,0,0,0,-0.040901,-0.040901,6241.8,6241.8,0.0005,0.0005,0.005,-0.0062864,-0.0062864,6248.5,6248.5,0.0025,0.0025,0.015,0.0060585,0.0060585,6260.6,6260.6,0.0011197,0.0011197,0.0060643,0.013304,0.013304,6.8934,6.8934,1
336,3440,0.0015,0.0015,0.01,1.5036e-05,1.5036e-05,6254.2,6254.2,0.003,0.003,0.02,0.019831,0.019831,6262.5,6262.5,0.0015,0.0015,0.01,-4.1383e-05,-4.1383e-05,6255.6,6255.6,0,0,0,-0.019435,-0.019435,6242.2,6242.2,0.0005,0.0005,0.005,-0.005755,-0.005755,6248.7,6248.7,0.0025,0.0025,0.015,0.005652,0.005652,6260.4,6260.4,0.0011197,0.0011197,0.0060643,0.0083934,0.0083934,6.6809,6.6809,1
336,3450,0.0015,0.0015,0.01,-2.5128e-05,-2.5128e-05,6254.2,6254.2,0.003,0.003,0.02,0.049413,0.049413,6262.4,6262.4,0.0015,0.0015,0.01,0.00015226,0.00015226,6255.6,6255.6,0,0,0,-0.049336,-0.049336,6242.4,6242.4,0.0005,0.0005,0.005,-0.011571,-0.011571,6248.8,6248.8,0.0025,0.0025,0.015,0.011823,0.011823,6260.3,6260.3,0.0011197,0.0011197,0.0060643,0.020272,0.020272,6.5722,6.5722,1
336,3460,0.0015,0.0015,0.01,-6.9684e-05,-6.9683e-05,6254.2,6254.2,0.003,0.003,0.02,0.10576,0.10576,6262.1,6262.1,0.0015,0.0015,0.01,3.2405e-05,3.2405e-05,6255.5,6255.5,0,0,0,-0.10345,-0.10345,6242.8,6242.8,0.0005,0.0005,0.005,-0.043172,-0.043172,6249,6249,0.0025,0.0025,0.015,0.042485,0.042485,6260.1,6260.1,0.0011197,0.0011197,0.0060643,0.053962,0.053962,6.3707,6.3707,1
336,3470,0.0015,0.0015,0.01,-4.8295e-05,-4.8295e-05,6254.2,6254.2,0.003,0.003,0.02,0.072571,0.072571,6262,6262,0.0015,0.0015,0.01,-0.00024046,-0.00024046,6255.5,6255.5,0,0,0,-0.074317,-0.074317,6243,6243,0.0005,0.0005,0.005,-0.018511,-0.018511,6249,6249,0.0025,0.0025,0.015,0.017515,0.017515,6260,6260,0.0011197,0.0011197,0.0060643,0.030935,0.030935,6.2449,6.2449,1
336,3480,0.0015,0.0015,0.01,2.1007e-05,2.1007e-05,6254.2,6254.2,0.003,0.003,0.02,0.040152,0.040152,6261.8,6261.8,0.0015,0.0015,0.01,9.6012e-06,9.6012e-06,6255.4,6255.4,0,0,0,-0.040432,-0.040432,6243.2,6243.2,0.0005,0.0005,0.005,-0.013733,-0.013733,6249.1,6249.1,0.0025,0.0025,0.015,0.014043,0.014043,6259.9,6259.9,0.0011197,0.0011197,0.0060643,0.01844,0.01844,6.1397,6.1397,1
336,3490,0.0015,0.0015,0.01,-6.57e-05,-6.57e-05,6254.2,6254.2,0.003,0.003,0.02,0.031072,0.031072,6261.6,6261.6,0.0015,0.0015,0.01,-1.1959e-05,-1.1959e-05,6255.4,6255.4,0,0,0,-0.031735,-0.031735,6243.6,6243.6,0.0005,0.0005,0.005,-0.0051894,-0.0051894,6249.3,6249.3,0.0025,0.0025,0.015,0.0051561,0.0051561,6259.7,6259.7,0.0011197,0.0011197,0.0060643,0.011864,0.011864,5.9158,5.9158,1
336,3500,0.0015,0.0015,0.01,1.6572e-05,1.6572e-05,6254.2,6254.2,0.003,0.003,0.02,0.049871,0.049871,6261.4,6261.4,0.0015,0.0015,0.01,-5.9499e-06,-5.9499e-06,6255.4,6255.4,0,0,0,-0.049511,-0.049511,6243.8,6243.8,0.0005,0.0005,0.005,-0.0022904,-0.0022904,6249.4,6249.4,0.0025,0.0025,0.015,0.0032309,0.0032309,6259.6,6259.6,0.0011197,0.0011197,0.0060643,0.01636,0.01636,5.8091,5.8091,1
336,3510,0.0015,0.0015,0.01,-7.3679e-05,-7.3679e-05,6254.2,6254.2,0.003,0.003,0.02,0.016169,0.016169,6261.3,6261.3,0.0015,0.0015,0.01,3.3772e-05,3.3772e-05,6255.3,6255.3,0,0,0,-0.016898,-0.016898,6244,6244,0.0005,0.0005,0.005,-0.0039938,-0.0039938,6249.5,6249.5,0.0025,0.0025,0.015,0.004105,0.004105,6259.5,6259.5,0.0011197,0.0011197,0.0060643,0.0067538,0.0067538,5.7002,5.7002,1
336,3520,0.0015,0.0015,0.01,0.0001032,0.0001032,6254.2,6254.2,0.003,0.003,0.02,0.10132,0.10132,6261.2,6261.2,0.0015,0.0015,0.01,0.00024488,0.00024488,6255.3,6255.3,0,0,0,-0.10133,-0.10133,6244.2,6244.2,0.0005,0.0005,0.005,-0.021413,-0.021413,6249.6,6249.6,0.0025,0.0025,0.015,0.022246,0.022246,6259.4,6259.4,0.0011197,0.0011197,0.0060643,0.036417,0.036417,5.6025,5.6025,1
336,3530,0.0015,0.0015,0.01,4.131e-05,4.131e-05,6254.2,6254.2,0.003,0.003,0.02,0.10154,0.10154,6260.9,6260.9,0.0015,0.0015,0.01,-0.00052947,-0.00052947,6255.3,6255.3,0,0,0,-0.10133,-0.10133,6244.5,6244.5,0.0005,0.0005,0.005,-0.021148,-0.021148,6249.7,6249.7,0.0025,0.0025,0.015,0.022021,0.022021,6259.2,6259.2,0.0011197,0.0011197,0.0060643,0.036355,0.036355,5.4051,5.4051,1
336,3540,0.0015,0.0015,0.01,-0.00012821,-0.00012821,6254.2,6254.2,0.003,0.003,0.02,0.062511,0.062511,6260.8,6260.8,0.0015,0.0015,0.01,5.4046e-05,5.4046e-05,6255.2,6255.2,0,0,0,-0.062984,-0.062984,6244.8,6244.8,0.0005,0.0005,0.005,-0.012871,-0.012871,6249.8,6249.8,0.0025,0.0025,0.015,0.012236,0.012236,6259.1,6259.1,0.0011197,0.0011197,0.0060643,0.023777,0.023777,5.3029,5.3029,1
336,3550,0.0015,0.0015,0.01,-4.8963e-05,-4.8963e-05,6254.2,6254.2,0.003,0.003,0.02,0.046292,0.046292,6260.7,6260.7,0.0015,0.0015,0.01,-6.3306e-06,-6.3306e-06,6255.2,6255.2,0,0,0,-0.047144,-0.047144,6245,6245,0.0005,0.0005,0.005,-0.0068278,-0.0068278,6249.9,6249.9,0.0025,0.0025,0.015,0.0070775,0.0070775,6259,6259,0.0011197,0.0011197,0.0060643,0.016732,0.016732,5.1956,5.1956,1
336,3560,0.0015,0.0015,0.01,-1.1419e-05,-1.1419e-05,6254.2,6254.2,0.003,0.003,0.02,0.016298,0.016298,6260.5,6260.5,0.0015,0.0015,0.01,9.695e-06,9.695e-06,6255.2,6255.2,0,0,0,-0.017352,-0.017352,6245.1,6245.1,0.0005,0.0005,0.005,-0.0070948,-0.0070948,6250,6250,0.0025,0.0025,0.015,0.0072878,0.0072878,6258.9,6258.9,0.0011197,0.0011197,0.0060643,0.0090303,0.0090303,5.0883,5.0883,1
336,3570,0.0015,0.0015,0.01,-0.000188,-0.000188,6254.2,6254.2,0.003,0.003,0.02,0.059266,0.059266,6260.4,6260.4,0.0015,0.0015,0.01,1.9645e-05,1.9644e-05,6255.2,6255.2,0,0,0,-0.061876,-0.061876,6245.3,6245.3,0.0005,0.0005,0.005,-0.021667,-0.021667,6250,6250,0.0025,0.0025,0.015,0.021744,0.021744,6258.8,6258.8,0.0011197,0.0011197,0.0060643,0.028801,0.028801,4.9803,4.9803,1
336,3580,0.0015,0.0015,0.01,3.4984e-05,3.4984e-05,6254.2,6254.2,0.003,0.003,0.02,0.04314,0.04314,6260.3,6260.3,0.0015,0.0015,0.01,-0.00016756,-0.00016756,6255.1,6255.1,0,0,0,-0.043463,-0.043463,6245.5,6245.5,0.0005,0.0005,0.005,-0.0078206,-0.0078206,6250.1,6250.1,0.0025,0.0025,0.015,0.0082515,0.0082515,6258.7,6258.7,0.0011197,0.0011197,0.0060643,0.013878,0.013878,4.8797,4.8797,1
336,3590,0.0015,0.0015,0.01,3.903e-06,3.903e-06,6254.2,6254.2,0.003,0.003,0.02,0.079128,0.079128,6260.2,6260.2,0.0015,0.0015,0.01,-0.00015396,-0.00015396,6255.1,6255.1,0,0,0,-0.080215,-0.080215,6245.7,6245.7,0.0005,0.0005,0.005,-0.016748,-0.016748,6250.2,6250.2,0.0025,0.0025,0.015,0.01694,0.01694,6258.6,6258.6,0.0011197,0.0011197,0.0060643,0.027443,0.027443,4.7758,4.7758,1
336,3600,0.0015,0.0015,0.01,-6.2078e-05,-6.2078e-05,6254.2,6254.2,0.003,0.003,0.02,0.042618,0.042618,6260,6260,0.0015,0.0015,0.01,-1.5153e-05,-1.5153e-05,6255.1,6255.1,0,0,0,-0.043174,-0.043174,6245.9,6245.9,0.0005,0.0005,0.005,-0.0064175,-0.0064175,6250.3,6250.3,0.0025,0.0025,0.015,0.0058941,0.0058941,6258.5,6258.5,0.0011197,0.0011197,0.0060643,0.013451,0.013451,4.6703,4.6703,1
336,3610,0.0015,0.0015,0.01,-1.5414e-05,-1.5414e-05,6254.2,6254.2,0.003,0.003,0.02,0.036369,0.036369,6259.9,6259.9,0.0015,0.0015,0.01,1.6745e-05,1.6745e-05,6255.1,6255.1,0,0,0,-0.035354,-0.035354,6246.1,6246.1,0.0005,0.0005,0.005,-0.0043487,-0.0043487,6250.4,6250.4,0.0025,0.0025,0.015,0.004869,0.004869,6258.4,6258.4,0.0011197,0.0011197,0.0060643,0.010564,0.010564,4.5677,4.5677,1
336,3620,0.0015,0.0015,0.01,-5.3073e-05,-5.3073e-05,6254.2,6254.2,0.003,0.003,0.02,0.033844,0.033844,6259.8,6259.8,0.0015,0.0015,0.01,0.00018642,0.00018642,6255,6255,0,0,0,-0.033608,-0.033608,6246.3,6246.3,0.0005,0.0005,0.005,-0.011931,-0.011931,6250.5,6250.5,0.0025,0.0025,0.015,0.012575,0.012575,6258.3,6258.3,0.0011197,0.0011197,0.0060643,0.015745,0.015745,4.4609,4.4609,1
336,3630,0.0015,0.0015,0.01,3.1103e-06,3.1104e-06,6254.2,6254.2,0.003,0.003,0.02,0.071321,0.071321,6259.7,6259.7,0.0015,0.0015,0.01,-2.4953e-06,-2.4952e-06,6255,6255,0,0,0,-0.093151,-0.093151,6246.4,6246.4,0.0005,0.0005,0.005,-0.011423,-0.011423,6250.5,6250.5,0.0025,0.0025,0.015,0.010349,0.010349,6258.2,6258.2,0.0011197,0.0011197,0.0060643,0.021588,0.021588,4.3633,4.3633,1
336,3640,0.0015,0.0015,0.01,-5.1937e-06,-5.1936e-06,6254.2,6254.2,0.003,0.003,0.02,0.068261,0.068261,6259.6,6259.6,0.0015,0.0015,0.01,-4.312e-05,-4.312e-05,6255,6255,0,0,0,-0.068201,-0.068201,6246.5,6246.5,0.0005,0.0005,0.005,-0.010838,-0.010838,6250.6,6250.6,0.0025,0.0025,0.015,0.00896,0.00896,6258.2,6258.2,0.0011197,0.0011197,0.0060643,0.021719,0.021719,4.3065,4.3065,1
336,3650,0.0015,0.0015,0.01,-4.0336e-05,-4.0336e-05,6254.2,6254.2,0.003,0.003,0.02,0.017309,0.017309,6259.5,6259.5,0.0015,0.0015,0.01,-9.675e-07,-9.675e-07,6255,6255,0,0,0,-0.017552,-0.017552,6246.8,6246.8,0.0005,0.0005,0.005,-0.0066559,-0.0066559,6250.6,6250.6,0.0025,0.0025,0.015,0.0063706,0.0063706,6258.1,6258.1,0.0011197,0.0011197,0.0060643,0.0083908,0.0083908,4.2122,4.2122,1
336,3660,0.0015,0.0015,0.01,-6.0479e-05,-6.0479e-05,6254.2,6254.2,0.003,0.003,0.02,0.043321,0.043321,6259.4,6259.4,0.0015,0.0015,0.01,2.9858e-06,2.9859e-06,6254.9,6254.9,0,0,0,-0.04679,-0.04679,6246.9,6246.9,0.0005,0.0005,0.005,-0.0053367,-0.0053367,6250.7,6250.7,0.0025,0.0025,0.015,0.0048459,0.0048459,6258,6258,0.0011197,0.0011197,0.0060643,0.009637,0.009637,4.1029,4.1029,1
336,3670,0.0015,0.0015,0.01,-3.0718e-05,-3.0718e-05,6254.2,6254.2,0.003,0.003,0.02,0.02383,0.02383,6259.2,6259.2,0.0015,0.0015,0.01,6.2789e-05,6.2789e-05,6254.9,6254.9,0,0,0,-0.027687,-0.027687,6247.1,6247.1,0.0005,0.0005,0.005,-0.0093221,-0.0093221,6250.8,6250.8,0.0025,0.0025,0.015,0.0091731,0.0091731,6257.9,6257.9,0.0011197,0.0011197,0.0060643,0.012189,0.012189,4.0114,4.0114,1
336,3680,0.0015,0.0015,0.01,-0.00010391,-0.00010391,6254.2,6254.2,0.003,0.003,0.02,0.091714,0.091714,6259.1,6259.1,0.0015,0.0015,0.01,8.6007e-06,8.6007e-06,6254.9,6254.9,0,0,0,-0.11261,-0.11261,6247.3,6247.3,0.0005,0.0005,0.005,-0.017397,-0.017397,6250.9,6250.9,0.0025,0.0025,0.015,0.016218,0.016218,6257.8,6257.8,0.0011197,0.0011197,0.0060643,0.034091,0.034091,3.9181,3.9181,1
336,3690,0.0015,0.0015,0.01,7.0635e-06,7.0635e-06,6254.2,6254.2,0.003,0.003,0.02,0.043062,0.043062,6259.1,6259.1,0.0015,0.0015,0.01,1.9718e-05,1.9718e-05,6254.9,6254.9,0,0,0,-0.04746,-0.04746,6247.3,6247.3,0.0005,0.0005,0.005,-0.0081,-0.0081,6250.9,6250.9,0.0025,0.0025,0.015,0.0077371,0.0077371,6257.8,6257.8,0.0011197,0.0011197,0.0060643,0.015213,0.015213,3.9067,3.9067,1
336,3700,0.0015,0.0015,0.01,-5.5528e-05,-5.5528e-05,6254.2,6254.2,0.003,0.003,0.02,0.020281,0.020281,6259,6259,0.0015,0.0015,0.01,6.7714e-05,6.7714e-05,6254.9,6254.9,0,0,0,-0.020214,-0.020214,6247.5,6247.5,0.0005,0.0005,0.005,-0.0079881,-0.0079881,6251,6251,0.0025,0.0025,0.015,0.0082062,0.0082062,6257.7,6257.7,0.0011197,0.0011197,0.0060643,0.010317,0.010317,3.7986,3.7986,1
336,3710,0.0015,0.0015,0.01,4.3153e-05,4.3153e-05,6254.2,6254.2,0.003,0.003,0.02,0.069297,0.069297,6258.9,6258.9,0.0015,0.0015,0.01,-4.2233e-05,-4.2233e-05,6254.8,6254.8,0,0,0,-0.06562,-0.06562,6247.7,6247.7,0.0005,0.0005,0.005,-0.016022,-0.016022,6251,6251,0.0025,0.0025,0.015,0.016087,0.016087,6257.6,6257.6,0.0011197,0.0011197,0.0060643,0.025686,0.025686,3.6969,3.6969,1
336,3720,0.0015,0.0015,0.01,-8.3519e-05,-8.3519e-05,6254.2,6254.2,0.003,0.003,0.02,0.028772,0.028772,6258.7,6258.7,0.0015,0.0015,0.01,6.1917e-06,6.1916e-06,6254.8,6254.8,0,0,0,-0.02187,-0.02187,6247.9,6247.9,0.0005,0.0005,0.005,-0.0062076,-0.0062076,6251.1,6251.1,0.0025,0.0025,0.015,0.0052966,0.0052966,6257.5,6257.5,0.0011197,0.0011197,0.0060643,0.0089317,0.0089317,3.5923,3.5923,1
336,3730,0.0015,0.0015,0.01,-8.3519e-05,-8.3519e-05,6254.2,6254.2,0.003,0.003,0.02,0.028772,0.028772,6258.7,6258.7,0.0015,0.0015,0.01,6.1917e-06,6.1916e-06,6254.8,6254.8,0,0,0,-0.02187,-0.02187,6247.9,6247.9,0.0005,0.0005,0.005,-0.0062076,-0.0062076,6251.1,6251.1,0.0025,0.0025,0.015,0.0052966,0.0052966,6257.5,6257.5,0.0011197,0.0011197,0.0060643,0.0089317,0.0089317,3.5923,3.5923,1
336,3740,0.0015,0.0015,0.01,-4.5949e-05,-4.5949e-05,6254.2,6254.2,0.003,0.003,0.02,0.055082,0.055082,6258.6,6258.6,0.0015,0.0015,0.01,0.00017529,0.00017529,6254.8,6254.8,0,0,0,-0.058544,-0.058544,6248.1,6248.1,0.0005,0.0005,0.005,-0.015297,-0.015297,6251.2,6251.2,0.0025,0.0025,0.015,0.016141,0.016141,6257.4,6257.4,0.0011197,0.0011197,0.0060643,0.022299,0.022299,3.4902,3.4902,1
336,3750,0.0015,0.0015,0.01,-4.5949e-05,-4.5949e-05,6254.2,6254.2,0.003,0.003,0.02,0.055082,0.055082,6258.6,6258.6,0.0015,0.0015,0.01,0.00017529,0.00017529,6254.8,6254.8,0,0,0,-0.058544,-0.058544,6248.1,6248.1,0.0005,0.0005,0.005,-0.015297,-0.015297,6251.2,6251.2,0.0025,0.0025,0.015,0.016141,0.016141,6257.4,6257.4,0.0011197,0.0011197,0.0060643,0.022299,0.022299,3.4902,3.4902,1
336,3760,0.0015,0.0015,0.01,-1.4902e-05,-1.4902e-05,6254.2,6254.2,0.003,0.003,0.02,0.022332,0.022332,6258.5,6258.5,0.0015,0.0015,0.01,1.169e-05,1.169e-05,6254.7,6254.7,0,0,0,-0.026823,-0.026823,6248.3,6248.3,0.0005,0.0005,0.005,-0.0035387,-0.0035387,6251.3,6251.3,0.0025,0.0025,0.015,0.003764,0.003764,6257.3,6257.3,0.0011197,0.0011197,0.0060643,0.0079945,0.0079945,3.383,3.383,1
336,3770,0.0015,0.0015,0.01,4.8887e-05,4.8888e-05,6254.2,6254.2,0.003,0.003,0.02,0.042005,0.042005,6258.4,6258.4,0.0015,0.0015,0.01,8.056e-06,8.0547e-06,6254.7,6254.7,0,0,0,-0.035941,-0.035941,6248.5,6248.5,0.0005,0.0005,0.005,-0.0069085,-0.0069085,6251.4,6251.4,0.0025,0.0025,0.015,0.0061804,0.0061804,6257.2,6257.2,0.0011197,0.0011197,0.0060643,0.012902,0.012902,3.2774,3.2774,1
336,3780,0.0015,0.0015,0.01,4.8887e-05,4.8888e-05,6254.2,6254.2,0.003,0.003,0.02,0.042005,0.042005,6258.4,6258.4,0.0015,0.0015,0.01,8.056e-06,8.0547e-06,6254.7,6254.7,0,0,0,-0.035941,-0.035941,6248.5,6248.5,0.0005,0.0005,0.005,-0.0069085,-0.0069085,6251.4,6251.4,0.0025,0.0025,0.015,0.0061804,0.0061804,6257.2,6257.2,0.0011197,0.0011197,0.0060643,0.012902,0.012902,3.2774,3.2774,1
336,3790,0.0015,0.0015,0.01,-8.593e-05,-8.593e-05,6254.2,6254.2,0.003,0.003,0.02,0.022949,0.022949,6258.2,6258.2,0.0015,0.0015,0.01,2.0956e-05,2.0955e-05,6254.7,6254.7,0,0,0,-0.025755,-0.025755,6248.7,6248.7,0.0005,0.0005,0.005,-0.0071169,-0.0071169,6251.5,6251.5,0.0025,0.0025,0.015,0.0078318,0.0078318,6257.1,6257.1,0.0011197,0.0011197,0.0060643,0.010478,0.010478,3.1702,3.1702,1
336,3800,0.0015,0.0015,0.01,-8.593e-05,-8.593e-05,6254.2,6254.2,0.003,0.003,0.02,0.022949,0.022949,6258.2,6258.2,0.0015,0.0015,0.01,2.0956e-05,2.0955e-05,6254.7,6254.7,0,0,0,-0.025755,-0.025755,6248.7,6248.7,0.0005,0.0005,0.005,-0.0071169,-0.0071169,6251.5,6251.5,0.0025,0.0025,0.015,0.0078318,0.0078318,6257.1,6257.1,0.0011197,0.0011197,0.0060643,0.010478,0.010478,3.1702,3.1702,1
336,3810,0.0015,0.0015,0.01,0.00016505,0.00016505,6254.2,6254.2,0.003,0.003,0.02,0.093699,0.093699,6258.1,6258.1,0.0015,0.0015,0.01,-9.2471e-05,-9.2471e-05,6254.7,6254.7,0,0,0,-0.11287,-0.11287,6248.9,6248.9,0.0005,0.0005,0.005,-0.013086,-0.013086,6251.5,6251.5,0.0025,0.0025,0.015,0.015193,0.015193,6257,6257,0.0011197,0.0011197,0.0060643,0.032055,0.032055,3.0746,3.0746,1
336,3820,0.0015,0.0015,0.01,-0.00015324,-0.00015323,6254.2,6254.2,0.003,0.003,0.02,0.056898,0.056898,6258,6258,0.0015,0.0015,0.01,3.3249e-07,3.3261e-07,6254.6,6254.6,0,0,0,-0.071547,-0.071547,6249,6249,0.0005,0.0005,0.005,-0.008862,-0.008862,6251.6,6251.6,0.0025,0.0025,0.015,0.0092347,0.0092347,6256.9,6256.9,0.0011197,0.0011197,0.0060643,0.021093,0.021093,2.9949,2.9949,1
336,3830,0.0015,0.0015,0.01,-0.00015324,-0.00015323,6254.2,6254.2,0.003,0.003,0.02,0.056898,0.056898,6258,6258,0.0015,0.0015,0.01,3.3249e-07,3.3261e-07,6254.6,6254.6,0,0,0,-0.071547,-0.071547,6249,6249,0.0005,0.0005,0.005,-0.008862,-0.008862,6251.6,6251.6,0.0025,0.0025,0.015,0.0092347,0.0092347,6256.9,6256.9,0.0011197,0.0011197,0.0060643,0.021093,0.021093,2.9949,2.9949,1
336,3840,0.0015,0.0015,0.01,1.6149e-05,1.6149e-05,6254.2,6254.2,0.003,0.003,0.02,0.099649,0.099649,6257.9,6257.9,0.0015,0.0015,0.01,-6.2468e-06,-6.2468e-06,6254.6,6254.6,0,0,0,-0.096844,-0.096844,6249.2,6249.2,0.0005,0.0005,0.005,-0.018031,-0.018031,6251.7,6251.7,0.0025,0.0025,0.015,0.018116,0.018116,6256.9,6256.9,0.0011197,0.0011197,0.0060643,0.032924,0.032924,2.9046,2.9046,1
336,3850,0.0015,0.0015,0.01,1.6149e-05,1.6149e-05,6254.2,6254.2,0.003,0.003,0.02,0.099649,0.099649,6257.9,6257.9,0.0015,0.0015,0.01,-6.2468e-06,-6.2468e-06,6254.6,6254.6,0,0,0,-0.096844,-0.096844,6249.2,6249.2,0.0005,0.0005,0.005,-0.018031,-0.018031,6251.7,6251.7,0.0025,0.0025,0.015,0.018116,0.018116,6256.9,6256.9,0.0011197,0.0011197,0.0060643,0.032924,0.032924,2.9046,2.9046,1
336,3860,0.0015,0.0015,0.01,-5.6584e-05,-5.6584e-05,6254.2,6254.2,0.003,0.003,0.02,0.070161,0.070161,6257.8,6257.8,0.0015,0.0015,0.01,-3.122e-05,-3.122e-05,6254.6,6254.6,0,0,0,-0.068992,-0.068992,6249.4,6249.4,0.0005,0.0005,0.005,-0.0090084,-0.0090084,6251.7,6251.7,0.0025,0.0025,0.015,0.0091528,0.0091528,6256.8,6256.8,0.0011197,0.0011197,0.0060643,0.023414,0.023414,2.8036,2.8036,1
336,3870,0.0015,0.0015,0.01,-5.6584e-05,-5.6584e-05,6254.2,6254.2,0.003,0.003,0.02,0.070161,0.070161,6257.8,6257.8,0.0015,0.0015,0.01,-3.122e-05,-3.122e-05,6254.6,6254.6,0,0,0,-0.068992,-0.068992,6249.4,6249.4,0.0005,0.0005,0.005,-0.0090084,-0.0090084,6251.7,6251.7,0.0025,0.0025,0.015,0.0091528,0.0091528,6256.8,6256.8,0.0011197,0.0011197,0.0060643,0.023414,0.023414,2.8036,2.8036,1
336,3880,0.0015,0.0015,0.01,3.2867e-05,3.2867e-05,6254.2,6254.2,0.003,0.003,0.02,0.097731,0.097731,6257.7,6257.7,0.0015,0.0015,0.01,-5.4185e-05,-5.4185e-05,6254.6,6254.6,0,0,0,-0.099063,-0.099063,6249.5,6249.5,0.0005,0.0005,0.005,-0.016133,-0.016133,6251.8,6251.8,0.0025,0.0025,0.015,0.016516,0.016516,6256.7,6256.7,0.0011197,0.0011197,0.0060643,0.032577,0.032577,2.7132,2.7132,1
336,3890,0.0015,0.0015,0.01,3.2867e-05,3.2867e-05,6254.2,6254.2,0.003,0.003,0.02,0.097731,0.097731,6257.7,6257.7,0.0015,0.0015,0.01,-5.4185e-05,-5.4185e-05,6254.6,6254.6,0,0,0,-0.099063,-0.099063,6249.5,6249.5,0.0005,0.0005,0.005,-0.016133,-0.016133,6251.8,6251.8,0.0025,0.0025,0.015,0.016516,0.016516,6256.7,6256.7,0.0011197,0.0011197,0.0060643,0.032577,0.032577,2.7132,2.7132,1
336,3900,0.0015,0.0015,0.01,3.2867e-05,3.2867e-05,6254.2,6254.2,0.003,0.003,0.02,0.097731,0.097731,6257.7,6257.7,0.0015,0.0015,0.01,-5.4185e-05,-5.4185e-05,6254.6,6254.6,0,0,0,-0.099063,-0.099063,6249.5,6249.5,0.0005,0.0005,0.005,-0.016133,-0.016133,6251.8,6251.8,0.0025,0.0025,0.015,0.016516,0.016516,6256.7,6256.7,0.0011197,0.0011197,0.0060643,0.032577,0.032577,2.7132,2.7132,1
336,3910,0.0015,0.0015,0.01,-6.7722e-05,-6.7722e-05,6254.2,6254.2,0.003,0.003,0.02,0.060621,0.060621,6257.5,6257.5,0.0015,0.0015,0.01,-1.9308e-05,-1.9308e-05,6254.5,6254.5,0,0,0,-0.062665,-0.062665,6249.7,6249.7,0.0005,0.0005,0.005,-0.010153,-0.010153,6251.9,6251.9,0.0025,0.0025,0.015,0.0098424,0.0098424,6256.6,6256.6,0.0011197,0.0011197,0.0060643,0.021912,0.021912,2.611,2.611,1
336,3920,0.0015,0.0015,0.01,-6.7722e-05,-6.7722e-05,6254.2,6254.2,0.003,0.003,0.02,0.060621,0.060621,6257.5,6257.5,0.0015,0.0015,0.01,-1.9308e-05,-1.9308e-05,6254.5,6254.5,0,0,0,-0.062665,-0.062665,6249.7,6249.7,0.0005,0.0005,0.005,-0.010153,-0.010153,6251.9,6251.9,0.0025,0.0025,0.015,0.0098424,0.0098424,6256.6,6256.6,0.0011197,0.0011197,0.0060643,0.021912,0.021912,2.611,2.611,1
336,3930,0.0015,0.0015,0.01,1.6412e-05,1.6412e-05,6254.2,6254.2,0.003,0.003,0.02,0.081721,0.081721,6257.4,6257.4,0.0015,0.0015,0.01,-1.3129e-05,-1.3129e-05,6254.5,6254.5,0,0,0,-0.081327,-0.081327,6249.9,6249.9,0.0005,0.0005,0.005,-0.0099454,-0.0099454,6252,6252,0.0025,0.0025,0.015,0.010437,0.010437,6256.5,6256.5,0.0011197,0.0011197,0.0060643,0.026595,0.026595,2.5131,2.5131,1
336,3940,0.0015,0.0015,0.01,1.6412e-05,1.6412e-05,6254.2,6254.2,0.003,0.003,0.02,0.081721,0.081721,6257.4,6257.4,0.0015,0.0015,0.01,-1.3129e-05,-1.3129e-05,6254.5,6254.5,0,0,0,-0.081327,-0.081327,6249.9,6249.9,0.0005,0.0005,0.005,-0.0099454,-0.0099454,6252,6252,0.0025,0.0025,0.015,0.010437,0.010437,6256.5,6256.5,0.0011197,0.0011197,0.0060643,0.026595,0.026595,2.5131,2.5131,1
336,3950,0.0015,0.0015,0.01,1.6412e-05,1.6412e-05,6254.2,6254.2,0.003,0.003,0.02,0.081721,0.081721,6257.4,6257.4,0.0015,0.0015,0.01,-1.3129e-05,-1.3129e-05,6254.5,6254.5,0,0,0,-0.081327,-0.081327,6249.9,6249.9,0.0005,0.0005,0.005,-0.0099454,-0.0099454,6252,6252,0.0025,0.0025,0.015,0.010437,0.010437,6256.5,6256.5,0.0011197,0.0011197,0.0060643,0.026595,0.026595,2.5131,2.5131,1
336,3960,0.0015,0.0015,0.01,-5.9088e-05,-5.9088e-05,6254.1,6254.1,0.003,0.003,0.02,0.035337,0.035337,6257.3,6257.3,0.0015,0.0015,0.01,1.1674e-05,1.1674e-05,6254.5,6254.5,0,0,0,-0.036074,-0.036074,6250.1,6250.1,0.0005,0.0005,0.005,-0.0065425,-0.0065425,6252,6252,0.0025,0.0025,0.015,0.0061881,0.0061881,6256.4,6256.4,0.0011197,0.0011197,0.0060643,0.012796,0.012796,2.4082,2.4082,1
336,3970,0.0015,0.0015,0.01,-5.9088e-05,-5.9088e-05,6254.1,6254.1,0.003,0.003,0.02,0.035337,0.035337,6257.3,6257.3,0.0015,0.0015,0.01,1.1674e-05,1.1674e-05,6254.5,6254.5,0,0,0,-0.036074,-0.036074,6250.1,6250.1,0.0005,0.0005,0.005,-0.0065425,-0.0065425,6252,6252,0.0025,0.0025,0.015,0.0061881,0.0061881,6256.4,6256.4,0.0011197,0.0011197,0.0060643,0.012796,0.012796,2.4082,2.4082,1
336,3980,0.0015,0.0015,0.01,-5.9088e-05,-5.9088e-05,6254.1,6254.1,0.003,0.003,0.02,0.035337,0.035337,6257.3,6257.3,0.0015,0.0015,0.01,1.1674e-05,1.1674e-05,6254.5,6254.5,0,0,0,-0.036074,-0.036074,6250.1,6250.1,0.0005,0.0005,0.005,-0.0065425,-0.0065425,6252,6252,0.0025,0.0025,0.015,0.0061881,0.0061881,6256.4,6256.4,0.0011197,0.0011197,0.0060643,0.012796,0.012796,2.4082,2.4082,1
336,3990,0.0015,0.0015,0.01,-5.9088e-05,-5.9088e-05,6254.1,6254.1,0.003,0.003,0.02,0.035337,0.035337,6257.3,6257.3,0.0015,0.0015,0.01,1.1674e-05,1.1674e-05,6254.5,6254.5,0,0,0,-0.036074,-0.036074,6250.1,6250.1,0.0005,0.0005,0.005,-0.0065425,-0.0065425,6252,6252,0.0025,0.0025,0.015,0.0061881,0.0061881,6256.4,6256.4,0.0011197,0.0011197,0.0060643,0.012796,0.012796,2.4082,2.4082,1
336,4000,0.0015,0.0015,0.01,1.6414e-05,1.6414e-05,6254.1,6254.1,0.003,0.003,0.02,0.052642,0.052642,6257.2,6257.2,0.0015,0.0015,0.01,8.198e-07,8.198e-07,6254.4,6254.4,0,0,0,-0.054035,-0.054035,6250.3,6250.3,0.0005,0.0005,0.005,-0.0047066,-0.0047066,6252.1,6252.1,0.0025,0.0025,0.015,0.0056083,0.0056083,6256.3,6256.3,0.0011197,0.0011197,0.0060643,0.017218,0.017218,2.3063,2.3063,1
336,4010,0.0015,0.0015,0.01,1.6414e-05,1.6414e-05,6254.1,6254.1,0.003,0.003,0.02,0.052642,0.052642,6257.2,6257.2,0.0015,0.0015,0.01,8.198e-07,8.198e-07,6254.4,6254.4,0,0,0,-0.054035,-0.054035,6250.3,6250.3,0.0005,0.0005,0.005,-0.0047066,-0.0047066,6252.1,6252.1,0.0025,0.0025,0.015,0.0056083,0.0056083,6256.3,6256.3,0.0011197,0.0011197,0.0060643,0.017218,0.017218,2.3063,2.3063,1
336,4020,0.0015,0.0015,0.01,1.6414e-05,1.6414e-05,6254.1,6254.1,0.003,0.003,0.02,0.052642,0.052642,6257.2,6257.2,0.0015,0.0015,0.01,8.198e-07,8.198e-07,6254.4,6254.4,0,0,0,-0.054035,-0.054035,6250.3,6250.3,0.0005,0.0005,0.005,-0.0047066,-0.0047066,6252.1,6252.1,0.0025,0.0025,0.015,0.0056083,0.0056083,6256.3,6256.3,0.0011197,0.0011197,0.0060643,0.017218,0.017218,2.3063,2.3063,1
336,4030,0.0015,0.0015,0.01,1.6414e-05,1.6414e-05,6254.1,6254.1,0.003,0.003,0.02,0.052642,0.052642,6257.2,6257.2,0.0015,0.0015,0.01,8.198e-07,8.198e-07,6254.4,6254.4,0,0,0,-0.054035,-0.054035,6250.3,6250.3,0.0005,0.0005,0.005,-0.0047066,-0.0047066,6252.1,6252.1,0.0025,0.0025,0.015,0.0056083,0.0056083,6256.3,6256.3,0.0011197,0.0011197,0.0060643,0.017218,0.017218,2.3063,2.3063,1
336,4040,0.0015,0.0015,0.01,-5.9116e-05,-5.9116e-05,6254.1,6254.1,0.003,0.003,0.02,0.018445,0.018445,6257.1,6257.1,0.0015,0.0015,0.01,-2.4301e-05,-2.4301e-05,6254.4,6254.4,0,0,0,-0.017154,-0.017154,6250.5,6250.5,0.0005,0.0005,0.005,-0.0057793,-0.0057793,6252.2,6252.2,0.0025,0.0025,0.015,0.0047827,0.0047827,6256.2,6256.2,0.0011197,0.0011197,0.0060643,0.0076323,0.0076323,2.2021,2.2021,1
336,4050,0.0015,0.0015,0.01,-5.9116e-05,-5.9116e-05,6254.1,6254.1,0.003,0.003,0.02,0.018445,0.018445,6257.1,6257.1,0.0015,0.0015,0.01,-2.4301e-05,-2.4301e-05,6254.4,6254.4,0,0,0,-0.017154,-0.017154,6250.5,6250.5,0.0005,0.0005,0.005,-0.0057793,-0.0057793,6252.2,6252.2,0.0025,0.0025,0.015,0.0047827,0.0047827,6256.2,6256.2,0.0011197,0.0011197,0.0060643,0.0076323,0.0076323,2.2021,2.2021,1
336,4060,0.0015,0.0015,0.01,-5.9116e-05,-5.9116e-05,6254.1,6254.1,0.003,0.003,0.02,0.018445,0.018445,6257.1,6257.1,0.0015,0.0015,0.01,-2.4301e-05,-2.4301e-05,6254.4,6254.4,0,0,0,-0.017154,-0.017154,6250.5,6250.5,0.0005,0.0005,0.005,-0.0057793,-0.0057793,6252.2,6252.2,0.0025,0.0025,0.015,0.0047827,0.0047827,6256.2,6256.2,0.0011197,0.0011197,0.0060643,0.0076323,0.0076323,2.2021,2.2021,1
336,4070,0.0015,0.0015,0.01,-5.9116e-05,-5.9116e-05,6254.1,6254.1,0.003,0.003,0.02,0.018445,0.018445,6257.1,6257.1,0.0015,0.0015,0.01,-2.4301e-05,-2.4301e-05,6254.4,6254.4,0,0,0,-0.017154,-0.017154,6250.5,6250.5,0.0005,0.0005,0.005,-0.0057793,-0.0057793,6252.2,6252.2,0.0025,0.0025,0.015,0.0047827,0.0047827,6256.2,6256.2,0.0011197,0.0011197,0.0060643,0.0076323,0.0076323,2.2021,2.2021,1
336,4080,0.0015,0.0015,0.01,3.4903e-05,3.4903e-05,6254.1,6254.1,0.003,0.003,0.02,0.12388,0.12388,6257,6257,0.0015,0.0015,0.01,0.00012275,0.00012275,6254.4,6254.4,0,0,0,-0.11961,-0.11961,6250.7,6250.7,0.0005,0.0005,0.005,-0.024313,-0.024313,6252.3,6252.3,0.0025,0.0025,0.015,0.02439,0.02439,6256.1,6256.1,0.0011197,0.0011197,0.0060643,0.042044,0.042044,2.1101,2.1101,1
336,4090,0.0015,0.0015,0.01,3.4903e-05,3.4903e-05,6254.1,6254.1,0.003,0.003,0.02,0.12388,0.12388,6257,6257,0.0015,0.0015,0.01,0.00012275,0.00012275,6254.4,6254.4,0,0,0,-0.11961,-0.11961,6250.7,6250.7,0.0005,0.0005,0.005,-0.024313,-0.024313,6252.3,6252.3,0.0025,0.0025,0.015,0.02439,0.02439,6256.1,6256.1,0.0011197,0.0011197,0.0060643,0.042044,0.042044,2.1101,2.1101,1
336,4100,0.0015,0.0015,0.01,3.4903e-05,3.4903e-05,6254.1,6254.1,0.003,0.003,0.02,0.12388,0.12388,6257,6257,0.0015,0.0015,0.01,0.00012275,0.00012275,6254.4,6254.4,0,0,0,-0.11961,-0.11961,6250.7,6250.7,0.0005,0.0005,0.005,-0.024313,-0.024313,6252.3,6252.3,0.0025,0.0025,0.015,0.02439,0.02439,6256.1,6256.1,0.0011197,0.0011197,0.0060643,0.042044,0.042044,2.1101,2.1101,1
336,4110,0.0015,0.0015,0.01,3.4903e-05,3.4903e-05,6254.1,6254.1,0.003,0.003,0.02,0.12388,0.12388,6257,6257,0.0015,0.0015,0.01,0.00012275,0.00012275,6254.4,6254.4,0,0,0,-0.11961,-0.11961,6250.7,6250.7,0.0005,0.0005,0.005,-0.024313,-0.024313,6252.3,6252.3,0.0025,0.0025,0.015,0.02439,0.02439,6256.1,6256.1,0.0011197,0.0011197,0.0060643,0.042044,0.042044,2.1101,2.1101,1
336,4120,0.0015,0.0015,0.01,-6.7108e-05,-6.7108e-05,6254.1,6254.1,0.003,0.003,0.02,0.087904,0.087904,6256.9,6256.9,0.0015,0.0015,0.01,-2.4597e-05,-2.4597e-05,6254.4,6254.4,0,0,0,-0.087335,-0.087335,6250.8,6250.8,0.0005,0.0005,0.005,-0.012937,-0.012937,6252.3,6252.3,0.0025,0.0025,0.015,0.013947,0.013947,6256,6256,0.0011197,0.0011197,0.0060643,0.028942,0.028942,2.0248,2.0248,1
336,4130,0.0015,0.0015,0.01,-6.7108e-05,-6.7108e-05,6254.1,6254.1,0.003,0.003,0.02,0.087904,0.087904,6256.9,6256.9,0.0015,0.0015,0.01,-2.4597e-05,-2.4597e-05,6254.4,6254.4,0,0,0,-0.087335,-0.087335,6250.8,6250.8,0.0005,0.0005,0.005,-0.012937,-0.012937,6252.3,6252.3,0.0025,0.0025,0.015,0.013947,0.013947,6256,6256,0.0011197,0.0011197,0.0060643,0.028942,0.028942,2.0248,2.0248,1
336,4140,0.0015,0.0015,0.01,-6.7108e-05,-6.7108e-05,6254.1,6254.1,0.003,0.003,0.02,0.087904,0.087904,6256.9,6256.9,0.0015,0.0015,0.01,-2.4597e-05,-2.4597e-05,6254.4,6254.4,0,0,0,-0.087335,-0.087335,6250.8,6250.8,0.0005,0.0005,0.005,-0.012937,-0.012937,6252.3,6252.3,0.0025,0.0025,0.015,0.013947,0.013947,6256,6256,0.0011197,0.0011197,0.0060643,0.028942,0.028942,2.0248,2.0248,1
336,4150,0.0015,0.0015,0.01,-6.7108e-05,-6.7108e-05,6254.1,6254.1,0.003,0.003,0.02,0.087904,0.087904,6256.9,6256.9,0.0015,0.0015,0.01,-2.4597e-05,-2.4597e-05,6254.4,6254.4,0,0,0,-0.087335,-0.087335,6250.8,6250.8,0.0005,0.0005,0.005,-0.012937,-0.012937,6252.3,6252.3,0.0025,0.0025,0.015,0.013947,0.013947,6256,6256,0.0011197,0.0011197,0.0060643,0.028942,0.028942,2.0248,2.0248,1
336,4160,0.0015,0.0015,0.01,-1.6228e-05,-1.6228e-05,6254.1,6254.1,0.003,0.003,0.02,0.10489,0.10489,6256.8,6256.8,0.0015,0.0015,0.01,-3.0932e-05,-3.0932e-05,6254.3,6254.3,0,0,0,-0.10564,-0.10564,6251,6251,0.0005,0.0005,0.005,-0.022598,-0.022598,6252.4,6252.4,0.0025,0.0025,0.015,0.021883,0.021883,6256,6256,0.0011197,0.0011197,0.0060643,0.036712,0.036712,1.948,1.948,1
336,4170,0.0015,0.0015,0.01,-1.6228e-05,-1.6228e-05,6254.1,6254.1,0.003,0.003,0.02,0.10489,0.10489,6256.8,6256.8,0.0015,0.0015,0.01,-3.0932e-05,-3.0932e-05,6254.3,6254.3,0,0,0,-0.10564,-0.10564,6251,6251,0.0005,0.0005,0.005,-0.022598,-0.022598,6252.4,6252.4,0.0025,0.0025,0.015,0.021883,0.021883,6256,6256,0.0011197,0.0011197,0.0060643,0.036712,0.036712,1.948,1.948,1
336,4180,0.0015,0.0015,0.01,-1.6228e-05,-1.6228e-05,6254.1,6254.1,0.003,0.003,0.02,0.10489,0.10489,6256.8,6256.8,0.0015,0.0015,0.01,-3.0932e-05,-3.0932e-05,6254.3,6254.3,0,0,0,-0.10564,-0.10564,6251,6251,0.0005,0.0005,0.005,-0.022598,-0.022598,6252.4,6252.4,0.0025,0.0025,0.015,0.021883,0.021883,6256,6256,0.0011197,0.0011197,0.0060643,0.036712,0.036712,1.948,1.948,1
336,4190,0.0015,0.0015,0.01,-1.6228e-05,-1.6228e-05,6254.1,6254.1,0.003,0.003,0.02,0.10489,0.10489,6256.8,6256.8,0.0015,0.0015,0.01,-3.0932e-05,-3.0932e-05,6254.3,6254.3,0,0,0,-0.10564,-0.10564,6251,6251,0.0005,0.0005,0.005,-0.022598,-0.022598,6252.4,6252.4,0.0025,0.0025,0.015,0.021883,0.021883,6256,6256,0.0011197,0.0011197,0.0060643,0.036712,0.036712,1.948,1.948,1
336,4200,0.0015,0.0015,0.01,-1.6228e-05,-1.6228e-05,6254.1,6254.1,0.003,0.003,0.02,0.10489,0.10489,6256.8,6256.8,0.0015,0.0015,0.01,-3.0932e-05,-3.0932e-05,6254.3,6254.3,0,0,0,-0.10564,-0.10564,6251,6251,0.0005,0.0005,0.005,-0.022598,-0.022598,6252.4,6252.4,0.0025,0.0025,0.015,0.021883,0.021883,6256,6256,0.0011197,0.0011197,0.0060643,0.036712,0.036712,1.948,1.948,1
336,4210,0.0015,0.0015,0.01,-1.6228e-05,-1.6228e-05,6254.1,6254.1,0.003,0.003,0.02,0.10489,0.10489,6256.8,6256.8,0.0015,0.0015,0.01,-3.0932e-05,-3.0932e-05,6254.3,6254.3,0,0,0,-0.10564,-0.10564,6251,6251,0.0005,0.0005,0.005,-0.022598,-0.022598,6252.4,6252.4,0.0025,0.0025,0.015,0.021883,0.021883,6256,6256,0.0011197,0.0011197,0.0060643,0.036712,0.036712,1.948,1.948,1
336,4220,0.0015,0.0015,0.01,-1.6228e-05,-1.6228e-05,6254.1,6254.1,0.003,0.003,0.02,0.10489,0.10489,6256.8,6256.8,0.0015,0.0015,0.01,-3.0932e-05,-3.0932e-05,6254.3,6254.3,0,0,0,-0.10564,-0.10564,6251,6251,0.0005,0.0005,0.005,-0.022598,-0.022598,6252.4,6252.4,0.0025,0.0025,0.015,0.021883,0.021883,6256,6256,0.0011197,0.0011197,0.0060643,0.036712,0.036712,1.948,1.948,1
336,4230,0.0015,0.0015,0.01,-1.6228e-05,-1.6228e-05,6254.1,6254.1,0.003,0.003,0.02,0.10489,0.10489,6256.8,6256.8,0.0015,0.0015,0.01,-3.0932e-05,-3.0932e-05,6254.3,6254.3,0,0,0,-0.10564,-0.10564,6251,6251,0.0005,0.0005,0.005,-0.022598,-0.022598,6252.4,6252.4,0.0025,0.0025,0.015,0.021883,0.021883,6256,6256,0.0011197,0.0011197,0.0060643,0.036712,0.036712,1.948,1.948,1
336,4240,0.0015,0.0015,0.01,-1.6228e-05,-1.6228e-05,6254.1,6254.1,0.003,0.003,0.02,0.10489,0.10489,6256.8,6256.8,0.0015,0.0015,0.01,-3.0932e-05,-3.0932e-05,6254.3,6254.3,0,0,0,-0.10564,-0.10564,6251,6251,0.0005,0.0005,0.005,-0.022598,-0.022598,6252.4,6252.4,0.0025,0.0025,0.015,0.021883,0.021883,6256,6256,0.0011197,0.0011197,0.0060643,0.036712,0.036712,1.948,1.948,1
336,4250,0.0015,0.0015,0.01,-1.6228e-05,-1.6228e-05,6254.1,6254.1,0.003,0.003,0.02,0.10489,0.10489,6256.8,6256.8,0.0015,0.0015,0.01,-3.0932e-05,-3.0932e-05,6254.3,6254.3,0,0,0,-0.10564,-0.10564,6251,6251,0.0005,0.0005,0.005,-0.022598,-0.022598,6252.4,6252.4,0.0025,0.0025,0.015,0.021883,0.021883,6256,6256,0.0011197,0.0011197,0.0060643,0.036712,0.036712,1.948,1.948,1
336,4260,0.0015,0.0015,0.01,-1.6228e-05,-1.6228e-05,6254.1,6254.1,0.003,0.003,0.02,0.10489,0.10489,6256.8,6256.8,0.0015,0.0015,0.01,-3.0932e-05,-3.0932e-05,6254.3,6254.3,0,0,0,-0.10564,-0.10564,6251,6251,0.0005,0.0005,0.005,-0.022598,-0.022598,6252.4,6252.4,0.0025,0.0025,0.015,0.021883,0.021883,6256,6256,0.0011197,0.0011197,0.0060643,0.036712,0.036712,1.948,1.948,1
336,4270,0.0015,0.0015,0.01,-1.6228e-05,-1.6228e-05,6254.1,6254.1,0.003,0.003,0.02,0.10489,0.10489,6256.8,6256.8,0.0015,0.0015,0.01,-3.0932e-05,-3.0932e-05,6254.3,6254.3,0,0,0,-0.10564,-0.10564,6251,6251,0.0005,0.0005,0.005,-0.022598,-0.022598,6252.4,6252.4,0.0025,0.0025,0.015,0.021883,0.021883,6256,6256,0.0011197,0.0011197,0.0060643,0.036712,0.036712,1.948,1.948,1
336,4280,0.0015,0.0015,0.01,-1.6228e-05,-1.6228e-05,6254.1,6254.1,0.003,0.003,0.02,0.10489,0.10489,6256.8,6256.8,0.0015,0.0015,0.01,-3.0932e-05,-3.0932e-05,6254.3,6254.3,0,0,0,-0.10564,-0.10564,6251,6251,0.0005,0.0005,0.005,-0.022598,-0.022598,6252.4,6252.4,0.0025,0.0025,0.015,0.021883,0.021883,6256,6256,0.0011197,0.0011197,0.0060643,0.036712,0.036712,1.948,1.948,1
336,4290,0.0015,0.0015,0.01,-1.6228e-05,-1.6228e-05,6254.1,6254.1,0.003,0.003,0.02,0.10489,0.10489,6256.8,6256.8,0.0015,0.0015,0.01,-3.0932e-05,-3.0932e-05,6254.3,6254.3,0,0,0,-0.10564,-0.10564,6251,6251,0.0005,0.0005,0.005,-0.022598,-0.022598,6252.4,6252.4,0.0025,0.0025,0.015,0.021883,0.021883,6256,6256,0.0011197,0.0011197,0.0060643,0.036712,0.036712,1.948,1.948,1
336,4300,0.0015,0.0015,0.01,-1.6228e-05,-1.6228e-05,6254.1,6254.1,0.003,0.003,0.02,0.10489,0.10489,6256.8,6256.8,0.0015,0.0015,0.01,-3.0932e-05,-3.0932e-05,6254.3,6254.3,0,0,0,-0.10564,-0.10564,6251,6251,0.0005,0.0005,0.005,-0.022598,-0.022598,6252.4,6252.4,0.0025,0.0025,0.015,0.021883,0.021883,6256,6256,0.0011197,0.0011197,0.0060643,0.036712,0.036712,1.948,1.948,1
336,4310,0.0015,0.0015,0.01,-1.6228e-05,-1.6228e-05,6254.1,6254.1,0.003,0.003,0.02,0.10489,0.10489,6256.8,6256.8,0.0015,0.0015,0.01,-3.0932e-05,-3.0932e-05,6254.3,6254.3,0,0,0,-0.10564,-0.10564,6251,6251,0.0005,0.0005,0.005,-0.022598,-0.022598,6252.4,6252.4,0.0025,0.0025,0.015,0.021883,0.021883,6256,6256,0.0011197,0.0011197,0.0060643,0.036712,0.036712,1.948,1.948,1
336,4320,0.0015,0.0015,0.01,-1.6228e-05,-1.6228e-05,6254.1,6254.1,0.003,0.003,0.02,0.10489,0.10489,6256.8,6256.8,0.0015,0.0015,0.01,-3.0932e-05,-3.0932e-05,6254.3,6254.3,0,0,0,-0.10564,-0.10564,6251,6251,0.0005,0.0005,0.005,-0.022598,-0.022598,6252.4,6252.4,0.0025,0.0025,0.015,0.021883,0.021883,6256,6256,0.0011197,0.0011197,0.0060643,0.036712,0.036712,1.948,1.948,1
336,4330,0.0015,0.0015,0.01,-1.6228e-05,-1.6228e-05,6254.1,6254.1,0.003,0.003,0.02,0.10489,0.10489,6256.8,6256.8,0.0015,0.0015,0.01,-3.0932e-05,-3.0932e-05,6254.3,6254.3,0,0,0,-0.10564,-0.10564,6251,6251,0.0005,0.0005,0.005,-0.022598,-0.022598,6252.4,6252.4,0.0025,0.0025,0.015,0.021883,0.021883,6256,6256,0.0011197,0.0011197,0.0060643,0.036712,0.036712,1.948,1.948,1
336,4340,0.0015,0.0015,0.01,-1.6228e-05,-1.6228e-05,6254.1,6254.1,0.003,0.003,0.02,0.10489,0.10489,6256.8,6256.8,0.0015,0.0015,0.01,-3.0932e-05,-3.0932e-05,6254.3,6254.3,0,0,0,-0.10564,-0.10564,6251,6251,0.0005,0.0005,0.005,-0.022598,-0.022598,6252.4,6252.4,0.0025,0.0025,0.015,0.021883,0.021883,6256,6256,0.0011197,0.0011197,0.0060643,0.036712,0.036712,1.948,1.948,1
336,4350,0.0015,0.0015,0.01,-1.6228e-05,-1.6228e-05,6254.1,6254.1,0.003,0.003,0.02,0.10489,0.10489,6256.8,6256.8,0.0015,0.0015,0.01,-3.0932e-05,-3.0932e-05,6254.3,6254.3,0,0,0,-0.10564,-0.10564,6251,6251,0.0005,0.0005,0.005,-0.022598,-0.022598,6252.4,6252.4,0.0025,0.0025,0.015,0.021883,0.021883,6256,6256,0.0011197,0.0011197,0.0060643,0.036712,0.036712,1.948,1.948,1
336,4360,0.0015,0.0015,0.01,-1.6228e-05,-1.6228e-05,6254.1,6254.1,0.003,0.003,0.02,0.10489,0.10489,6256.8,6256.8,0.0015,0.0015,0.01,-3.0932e-05,-3.0932e-05,6254.3,6254.3,0,0,0,-0.10564,-0.10564,6251,6251,0.0005,0.0005,0.005,-0.022598,-0.022598,6252.4,6252.4,0.0025,0.0025,0.015,0.021883,0.021883,6256,6256,0.0011197,0.0011197,0.0060643,0.036712,0.036712,1.948,1.948,1
336,4370,0.0015,0.0015,0.01,-1.6228e-05,-1.6228e-05,6254.1,6254.1,0.003,0.003,0.02,0.10489,0.10489,6256.8,6256.8,0.0015,0.0015,0.01,-3.0932e-05,-3.0932e-05,6254.3,6254.3,0,0,0,-0.10564,-0.10564,6251,6251,0.0005,0.0005,0.005,-0.022598,-0.022598,6252.4,6252.4,0.0025,0.0025,0.015,0.021883,0.021883,6256,6256,0.0011197,0.0011197,0.0060643,0.036712,0.036712,1.948,1.948,1
336,4380,0.0015,0.0015,0.01,-1.6228e-05,-1.6228e-05,6254.1,6254.1,0.003,0.003,0.02,0.10489,0.10489,6256.8,6256.8,0.0015,0.0015,0.01,-3.0932e-05,-3.0932e-05,6254.3,6254.3,0,0,0,-0.10564,-0.10564,6251,6251,0.0005,0.0005,0.005,-0.022598,-0.022598,6252.4,6252.4,0.0025,0.0025,0.015,0.021883,0.021883,6256,6256,0.0011197,0.0011197,0.0060643,0.036712,0.036712,1.948,1.948,1
336,4390,0.0015,0.0015,0.01,-1.6228e-05,-1.6228e-05,6254.1,6254.1,0.003,0.003,0.02,0.10489,0.10489,6256.8,6256.8,0.0015,0.0015,0.01,-3.0932e-05,-3.0932e-05,6254.3,6254.3,0,0,0,-0.10564,-0.10564,6251,6251,0.0005,0.0005,0.005,-0.022598,-0.022598,6252.4,6252.4,0.0025,0.0025,0.015,0.021883,0.021883,6256,6256,0.0011197,0.0011197,0.0060643,0.036712,0.036712,1.948,1.948,1
336,4400,0.0015,0.0015,0.01,-1.6228e-05,-1.6228e-05,6254.1,6254.1,0.003,0.003,0.02,0.10489,0.10489,6256.8,6256.8,0.0015,0.0015,0.01,-3.0932e-05,-3.0932e-05,6254.3,6254.3,0,0,0,-0.10564,-0.10564,6251,6251,0.0005,0.0005,0.005,-0.022598,-0.022598,6252.4,6252.4,0.0025,0.0025,0.015,0.021883,0.021883,6256,6256,0.0011197,0.0011197,0.0060643,0.036712,0.036712,1.948,1.948,1
336,4410,0.0015,0.0015,0.01,-1.6228e-05,-1.6228e-05,6254.1,6254.1,0.003,0.003,0.02,0.10489,0.10489,6256.8,6256.8,0.0015,0.0015,0.01,-3.0932e-05,-3.0932e-05,6254.3,6254.3,0,0,0,-0.10564,-0.10564,6251,6251,0.0005,0.0005,0.005,-0.022598,-0.022598,6252.4,6252.4,0.0025,0.0025,0.015,0.021883,0.021883,6256,6256,0.0011197,0.0011197,0.0060643,0.036712,0.036712,1.948,1.948,1
336,4420,0.0015,0.0015,0.01,-1.6228e-05,-1.6228e-05,6254.1,6254.1,0.003,0.003,0.02,0.10489,0.10489,6256.8,6256.8,0.0015,0.0015,0.01,-3.0932e-05,-3.0932e-05,6254.3,6254.3,0,0,0,-0.10564,-0.10564,6251,6251,0.0005,0.0005,0.005,-0.022598,-0.022598,6252.4,6252.4,0.0025,0.0025,0.015,0.021883,0.021883,6256,6256,0.0011197,0.0011197,0.0060643,0.036712,0.036712,1.948,1.948,1
336,4430,0.0015,0.0015,0.01,-1.6228e-05,-1.6228e-05,6254.1,6254.1,0.003,0.003,0.02,0.10489,0.10489,6256.8,6256.8,0.0015,0.0015,0.01,-3.0932e-05,-3.0932e-05,6254.3,6254.3,0,0,0,-0.10564,-0.10564,6251,6251,0.0005,0.0005,0.005,-0.022598,-0.022598,6252.4,6252.4,0.0025,0.0025,0.015,0.021883,0.021883,6256,6256,0.0011197,0.0011197,0.0060643,0.036712,0.036712,1.948,1.948,1
336,4440,0.0015,0.0015,0.01,-1.6228e-05,-1.6228e-05,6254.1,6254.1,0.003,0.003,0.02,0.10489,0.10489,6256.8,6256.8,0.0015,0.0015,0.01,-3.0932e-05,-3.0932e-05,6254.3,6254.3,0,0,0,-0.10564,-0.10564,6251,6251,0.0005,0.0005,0.005,-0.022598,-0.022598,6252.4,6252.4,0.0025,0.0025,0.015,0.021883,0.021883,6256,6256,0.0011197,0.0011197,0.0060643,0.036712,0.036712,1.948,1.948,1
336,4450,0.0015,0.0015,0.01,-1.6228e-05,-1.6228e-05,6254.1,6254.1,0.003,0.003,0.02,0.10489,0.10489,6256.8,6256.8,0.0015,0.0015,0.01,-3.0932e-05,-3.0932e-05,6254.3,6254.3,0,0,0,-0.10564,-0.10564,6251,6251,0.0005,0.0005,0.005,-0.022598,-0.022598,6252.4,6252.4,0.0025,0.0025,0.015,0.021883,0.021883,6256,6256,0.0011197,0.0011197,0.0060643,0.036712,0.036712,1.948,1.948,1
336,4460,0.0015,0.0015,0.01,-1.6228e-05,-1.6228e-05,6254.1,6254.1,0.003,0.003,0.02,0.10489,0.10489,6256.8,6256.8,0.0015,0.0015,0.01,-3.0932e-05,-3.0932e-05,6254.3,6254.3,0,0,0,-0.10564,-0.10564,6251,6251,0.0005,0.0005,0.005,-0.022598,-0.022598,6252.4,6252.4,0.0025,0.0025,0.015,0.021883,0.021883,6256,6256,0.0011197,0.0011197,0.0060643,0.036712,0.036712,1.948,1.948,1
336,4470,0.0015,0.0015,0.01,-1.6228e-05,-1.6228e-05,6254.1,6254.1,0.003,0.003,0.02,0.10489,0.10489,6256.8,6256.8,0.0015,0.0015,0.01,-3.0932e-05,-3.0932e-05,6254.3,6254.3,0,0,0,-0.10564,-0.10564,6251,6251,0.0005,0.0005,0.005,-0.022598,-0.022598,6252.4,6252.4,0.0025,0.0025,0.015,0.021883,0.021883,6256,6256,0.0011197,0.0011197,0.0060643,0.036712,0.036712,1.948,1.948,1
336,4480,0.0015,0.0015,0.01,-1.6228e-05,-1.6228e-05,6254.1,6254.1,0.003,0.003,0.02,0.10489,0.10489,6256.8,6256.8,0.0015,0.0015,0.01,-3.0932e-05,-3.0932e-05,6254.3,6254.3,0,0,0,-0.10564,-0.10564,6251,6251,0.0005,0.0005,0.005,-0.022598,-0.022598,6252.4,6252.4,0.0025,0.0025,0.015,0.021883,0.021883,6256,6256,0.0011197,0.0011197,0.0060643,0.036712,0.036712,1.948,1.948,1
336,4490,0.0015,0.0015,0.01,-1.6228e-05,-1.6228e-05,6254.1,6254.1,0.003,0.003,0.02,0.10489,0.10489,6256.8,6256.8,0.0015,0.0015,0.01,-3.0932e-05,-3.0932e-05,6254.3,6254.3,0,0,0,-0.10564,-0.10564,6251,6251,0.0005,0.0005,0.005,-0.022598,-0.022598,6252.4,6252.4,0.0025,0.0025,0.015,0.021883,0.021883,6256,6256,0.0011197,0.0011197,0.0060643,0.036712,0.036712,1.948,1.948,1
336,4500,0.0015,0.0015,0.01,-1.6228e-05,-1.6228e-05,6254.1,6254.1,0.003,0.003,0.02,0.10489,0.10489,6256.8,6256.8,0.0015,0.0015,0.01,-3.0932e-05,-3.0932e-05,6254.3,6254.3,0,0,0,-0.10564,-0.10564,6251,6251,0.0005,0.0005,0.005,-0.022598,-0.022598,6252.4,6252.4,0.0025,0.0025,0.015,0.021883,0.021883,6256,6256,0.0011197,0.0011197,0.0060643,0.036712,0.036712,1.948,1.948,1
336,4510,0.0015,0.0015,0.01,-1.6228e-05,-1.6228e-05,6254.1,6254.1,0.003,0.003,0.02,0.10489,0.10489,6256.8,6256.8,0.0015,0.0015,0.01,-3.0932e-05,-3.0932e-05,6254.3,6254.3,0,0,0,-0.10564,-0.10564,6251,6251,0.0005,0.0005,0.005,-0.022598,-0.022598,6252.4,6252.4,0.0025,0.0025,0.015,0.021883,0.021883,6256,6256,0.0011197,0.0011197,0.0060643,0.036712,0.036712,1.948,1.948,1
336,4520,0.0015,0.0015,0.01,-1.6228e-05,-1.6228e-05,6254.1,6254.1,0.003,0.003,0.02,0.10489,0.10489,6256.8,6256.8,0.0015,0.0015,0.01,-3.0932e-05,-3.0932e-05,6254.3,6254.3,0,0,0,-0.10564,-0.10564,6251,6251,0.0005,0.0005,0.005,-0.022598,-0.022598,6252.4,6252.4,0.0025,0.0025,0.015,0.021883,0.021883,6256,6256,0.0011197,0.0011197,0.0060643,0.036712,0.036712,1.948,1.948,1
336,4530,0.0015,0.0015,0.01,-1.6228e-05,-1.6228e-05,6254.1,6254.1,0.003,0.003,0.02,0.10489,0.10489,6256.8,6256.8,0.0015,0.0015,0.01,-3.0932e-05,-3.0932e-05,6254.3,6254.3,0,0,0,-0.10564,-0.10564,6251,6251,0.0005,0.0005,0.005,-0.022598,-0.022598,6252.4,6252.4,0.0025,0.0025,0.015,0.021883,0.021883,6256,6256,0.0011197,0.0011197,0.0060643,0.036712,0.036712,1.948,1.948,1
336,4540,0.0015,0.0015,0.01,-1.6228e-05,-1.6228e-05,6254.1,6254.1,0.003,0.003,0.02,0.10489,0.10489,6256.8,6256.8,0.0015,0.0015,0.01,-3.0932e-05,-3.0932e-05,6254.3,6254.3,0,0,0,-0.10564,-0.10564,6251,6251,0.0005,0.0005,0.005,-0.022598,-0.022598,6252.4,6252.4,0.0025,0.0025,0.015,0.021883,0.021883,6256,6256,0.0011197,0.0011197,0.0060643,0.036712,0.036712,1.948,1.948,1
336,4550,0.0015,0.0015,0.01,-1.6228e-05,-1.6228e-05,6254.1,6254.1,0.003,0.003,0.02,0.10489,0.10489,6256.8,6256.8,0.0015,0.0015,0.01,-3.0932e-05,-3.0932e-05,6254.3,6254.3,0,0,0,-0.10564,-0.10564,6251,6251,0.0005,0.0005,0.005,-0.022598,-0.022598,6252.4,6252.4,0.0025,0.0025,0.015,0.021883,0.021883,6256,6256,0.0011197,0.0011197,0.0060643,0.036712,0.036712,1.948,1.948,1
336,4560,0.0015,0.0015,0.01,-1.6228e-05,-1.6228e-05,6254.1,6254.1,0.003,0.003,0.02,0.10489,0.10489,6256.8,6256.8,0.0015,0.0015,0.01,-3.0932e-05,-3.0932e-05,6254.3,6254.3,0,0,0,-0.10564,-0.10564,6251,6251,0.0005,0.0005,0.005,-0.022598,-0.022598,6252.4,6252.4,0.0025,0.0025,0.015,0.021883,0.021883,6256,6256,0.0011197,0.0011197,0.0060643,0.036712,0.036712,1.948,1.948,1
336,4570,0.0015,0.0015,0.01,-1.6228e-05,-1.6228e-05,6254.1,6254.1,0.003,0.003,0.02,0.10489,0.10489,6256.8,6256.8,0.0015,0.0015,0.01,-3.0932e-05,-3.0932e-05,6254.3,6254.3,0,0,0,-0.10564,-0.10564,6251,6251,0.0005,0.0005,0.005,-0.022598,-0.022598,6252.4,6252.4,0.0025,0.0025,0.015,0.021883,0.021883,6256,6256,0.0011197,0.0011197,0.0060643,0.036712,0.036712,1.948,1.948,1
336,4580,0.0015,0.0015,0.01,-1.6228e-05,-1.6228e-05,6254.1,6254.1,0.003,0.003,0.02,0.10489,0.10489,6256.8,6256.8,0.0015,0.0015,0.01,-3.0932e-05,-3.0932e-05,6254.3,6254.3,0,0,0,-0.10564,-0.10564,6251,6251,0.0005,0.0005,0.005,-0.022598,-0.022598,6252.4,6252.4,0.0025,0.0025,0.015,0.021883,0.021883,6256,6256,0.0011197,0.0011197,0.0060643,0.036712,0.036712,1.948,1.948,1
336,4590,0.0015,0.0015,0.01,-1.6228e-05,-1.6228e-05,6254.1,6254.1,0.003,0.003,0.02,0.10489,0.10489,6256.8,6256.8,0.0015,0.0015,0.01,-3.0932e-05,-3.0932e-05,6254.3,6254.3,0,0,0,-0.10564,-0.10564,6251,6251,0.0005,0.0005,0.005,-0.022598,-0.022598,6252.4,6252.4,0.0025,0.0025,0.015,0.021883,0.021883,6256,6256,0.0011197,0.0011197,0.0060643,0.036712,0.036712,1.948,1.948,1
336,4600,0.0015,0.0015,0.01,-1.6228e-05,-1.6228e-05,6254.1,6254.1,0.003,0.003,0.02,0.10489,0.10489,6256.8,6256.8,0.0015,0.0015,0.01,-3.0932e-05,-3.0932e-05,6254.3,6254.3,0,0,0,-0.10564,-0.10564,6251,6251,0.0005,0.0005,0.005,-0.022598,-0.022598,6252.4,6252.4,0.0025,0.0025,0.015,0.021883,0.021883,6256,6256,0.0011197,0.0011197,0.0060643,0.036712,0.036712,1.948,1.948,1
336,4610,0.0015,0.0015,0.01,-1.6228e-05,-1.6228e-05,6254.1,6254.1,0.003,0.003,0.02,0.10489,0.10489,6256.8,6256.8,0.0015,0.0015,0.01,-3.0932e-05,-3.0932e-05,6254.3,6254.3,0,0,0,-0.10564,-0.10564,6251,6251,0.0005,0.0005,0.005,-0.022598,-0.022598,6252.4,6252.4,0.0025,0.0025,0.015,0.021883,0.021883,6256,6256,0.0011197,0.0011197,0.0060643,0.036712,0.036712,1.948,1.948,1
336,4620,0.0015,0.0015,0.01,-1.6228e-05,-1.6228e-05,6254.1,6254.1,0.003,0.003,0.02,0.10489,0.10489,6256.8,6256.8,0.0015,0.0015,0.01,-3.0932e-05,-3.0932e-05,6254.3,6254.3,0,0,0,-0.10564,-0.10564,6251,6251,0.0005,0.0005,0.005,-0.022598,-0.022598,6252.4,6252.4,0.0025,0.0025,0.015,0.021883,0.021883,6256,6256,0.0011197,0.0011197,0.0060643,0.036712,0.036712,1.948,1.948,1
336,4630,0.0015,0.0015,0.01,-1.6228e-05,-1.6228e-05,6254.1,6254.1,0.003,0.003,0.02,0.10489,0.10489,6256.8,6256.8,0.0015,0.0015,0.01,-3.0932e-05,-3.0932e-05,6254.3,6254.3,0,0,0,-0.10564,-0.10564,6251,6251,0.0005,0.0005,0.005,-0.022598,-0.022598,6252.4,6252.4,0.0025,0.0025,0.015,0.021883,0.021883,6256,6256,0.0011197,0.0011197,0.0060643,0.036712,0.036712,1.948,1.948,1
336,4640,0.0015,0.0015,0.01,-1.6228e-05,-1.6228e-05,6254.1,6254.1,0.003,0.003,0.02,0.10489,0.10489,6256.8,6256.8,0.0015,0.0015,0.01,-3.0932e-05,-3.0932e-05,6254.3,6254.3,0,0,0,-0.10564,-0.10564,6251,6251,0.0005,0.0005,0.005,-0.022598,-0.022598,6252.4,6252.4,0.0025,0.0025,0.015,0.021883,0.021883,6256,6256,0.0011197,0.0011197,0.0060643,0.036712,0.036712,1.948,1.948,1
336,4650,0.0015,0.0015,0.01,-1.6228e-05,-1.6228e-05,6254.1,6254.1,0.003,0.003,0.02,0.10489,0.10489,6256.8,6256.8,0.0015,0.0015,0.01,-3.0932e-05,-3.0932e-05,6254.3,6254.3,0,0,0,-0.10564,-0.10564,6251,6251,0.0005,0.0005,0.005,-0.022598,-0.022598,6252.4,6252.4,0.0025,0.0025,0.015,0.021883,0.021883,6256,6256,0.0011197,0.0011197,0.0060643,0.036712,0.036712,1.948,1.948,1
336,4660,0.0015,0.0015,0.01,-1.6228e-05,-1.6228e-05,6254.1,6254.1,0.003,0.003,0.02,0.10489,0.10489,6256.8,6256.8,0.0015,0.0015,0.01,-3.0932e-05,-3.0932e-05,6254.3,6254.3,0,0,0,-0.10564,-0.10564,6251,6251,0.0005,0.0005,0.005,-0.022598,-0.022598,6252.4,6252.4,0.0025,0.0025,0.015,0.021883,0.021883,6256,6256,0.0011197,0.0011197,0.0060643,0.036712,0.036712,1.948,1.948,1
336,4670,0.0015,0.0015,0.01,-1.6228e-05,-1.6228e-05,6254.1,6254.1,0.003,0.003,0.02,0.10489,0.10489,6256.8,6256.8,0.0015,0.0015,0.01,-3.0932e-05,-3.0932e-05,6254.3,6254.3,0,0,0,-0.10564,-0.10564,6251,6251,0.0005,0.0005,0.005,-0.022598,-0.022598,6252.4,6252.4,0.0025,0.0025,0.015,0.021883,0.021883,6256,6256,0.0011197,0.0011197,0.0060643,0.036712,0.036712,1.948,1.948,1
336,4680,0.0015,0.0015,0.01,-1.6228e-05,-1.6228e-05,6254.1,6254.1,0.003,0.003,0.02,0.10489,0.10489,6256.8,6256.8,0.0015,0.0015,0.01,-3.0932e-05,-3.0932e-05,6254.3,6254.3,0,0,0,-0.10564,-0.10564,6251,6251,0.0005,0.0005,0.005,-0.022598,-0.022598,6252.4,6252.4,0.0025,0.0025,0.015,0.021883,0.021883,6256,6256,0.0011197,0.0011197,0.0060643,0.036712,0.036712,1.948,1.948,1
336,4690,0.0015,0.0015,0.01,-1.6228e-05,-1.6228e-05,6254.1,6254.1,0.003,0.003,0.02,0.10489,0.10489,6256.8,6256.8,0.0015,0.0015,0.01,-3.0932e-05,-3.0932e-05,6254.3,6254.3,0,0,0,-0.10564,-0.10564,6251,6251,0.0005,0.0005,0.005,-0.022598,-0.022598,6252.4,6252.4,0.0025,0.0025,0.015,0.021883,0.021883,6256,6256,0.0011197,0.0011197,0.0060643,0.036712,0.036712,1.948,1.948,1
336,4700,0.0015,0.0015,0.01,-1.6228e-05,-1.6228e-05,6254.1,6254.1,0.003,0.003,0.02,0.10489,0.10489,6256.8,6256.8,0.0015,0.0015,0.01,-3.0932e-05,-3.0932e-05,6254.3,6254.3,0,0,0,-0.10564,-0.10564,6251,6251,0.0005,0.0005,0.005,-0.022598,-0.022598,6252.4,6252.4,0.0025,0.0025,0.015,0.021883,0.021883,6256,6256,0.0011197,0.0011197,0.0060643,0.036712,0.036712,1.948,1.948,1
336,4710,0.0015,0.0015,0.01,-1.6228e-05,-1.6228e-05,6254.1,6254.1,0.003,0.003,0.02,0.10489,0.10489,6256.8,6256.8,0.0015,0.0015,0.01,-3.0932e-05,-3.0932e-05,6254.3,6254.3,0,0,0,-0.10564,-0.10564,6251,6251,0.0005,0.0005,0.005,-0.022598,-0.022598,6252.4,6252.4,0.0025,0.0025,0.015,0.021883,0.021883,6256,6256,0.0011197,0.0011197,0.0060643,0.036712,0.036712,1.948,1.948,1
336,4720,0.0015,0.0015,0.01,-1.6228e-05,-1.6228e-05,6254.1,6254.1,0.003,0.003,0.02,0.10489,0.10489,6256.8,6256.8,0.0015,0.0015,0.01,-3.0932e-05,-3.0932e-05,6254.3,6254.3,0,0,0,-0.10564,-0.10564,6251,6251,0.0005,0.0005,0.005,-0.022598,-0.022598,6252.4,6252.4,0.0025,0.0025,0.015,0.021883,0.021883,6256,6256,0.0011197,0.0011197,0.0060643,0.036712,0.036712,1.948,1.948,1
336,4730,0.0015,0.0015,0.01,-1.6228e-05,-1.6228e-05,6254.1,6254.1,0.003,0.003,0.02,0.10489,0.10489,6256.8,6256.8,0.0015,0.0015,0.01,-3.0932e-05,-3.0932e-05,6254.3,6254.3,0,0,0,-0.10564,-0.10564,6251,6251,0.0005,0.0005,0.005,-0.022598,-0.022598,6252.4,6252.4,0.0025,0.0025,0.015,0.021883,0.021883,6256,6256,0.0011197,0.0011197,0.0060643,0.036712,0.036712,1.948,1.948,1
336,4740,0.0015,0.0015,0.01,-1.6228e-05,-1.6228e-05,6254.1,6254.1,0.003,0.003,0.02,0.10489,0.10489,6256.8,6256.8,0.0015,0.0015,0.01,-3.0932e-05,-3.0932e-05,6254.3,6254.3,0,0,0,-0.10564,-0.10564,6251,6251,0.0005,0.0005,0.005,-0.022598,-0.022598,6252.4,6252.4,0.0025,0.0025,0.015,0.021883,0.021883,6256,6256,0.0011197,0.0011197,0.0060643,0.036712,0.036712,1.948,1.948,1
336,4750,0.0015,0.0015,0.01,-1.6228e-05,-1.6228e-05,6254.1,6254.1,0.003,0.003,0.02,0.10489,0.10489,6256.8,6256.8,0.0015,0.0015,0.01,-3.0932e-05,-3.0932e-05,6254.3,6254.3,0,0,0,-0.10564,-0.10564,6251,6251,0.0005,0.0005,0.005,-0.022598,-0.022598,6252.4,6252.4,0.0025,0.0025,0.015,0.021883,0.021883,6256,6256,0.0011197,0.0011197,0.0060643,0.036712,0.036712,1.948,1.948,1
336,4760,0.0015,0.0015,0.01,-1.6228e-05,-1.6228e-05,6254.1,6254.1,0.003,0.003,0.02,0.10489,0.10489,6256.8,6256.8,0.0015,0.0015,0.01,-3.0932e-05,-3.0932e-05,6254.3,6254.3,0,0,0,-0.10564,-0.10564,6251,6251,0.0005,0.0005,0.005,-0.022598,-0.022598,6252.4,6252.4,0.0025,0.0025,0.015,0.021883,0.021883,6256,6256,0.0011197,0.0011197,0.0060643,0.036712,0.036712,1.948,1.948,1
336,4770,0.0015,0.0015,0.01,-1.6228e-05,-1.6228e-05,6254.1,6254.1,0.003,0.003,0.02,0.10489,0.10489,6256.8,6256.8,0.0015,0.0015,0.01,-3.0932e-05,-3.0932e-05,6254.3,6254.3,0,0,0,-0.10564,-0.10564,6251,6251,0.0005,0.0005,0.005,-0.022598,-0.022598,6252.4,6252.4,0.0025,0.0025,0.015,0.021883,0.021883,6256,6256,0.0011197,0.0011197,0.0060643,0.036712,0.036712,1.948,1.948,1
336,4780,0.0015,0.0015,0.01,-1.6228e-05,-1.6228e-05,6254.1,6254.1,0.003,0.003,0.02,0.10489,0.10489,6256.8,6256.8,0.0015,0.0015,0.01,-3.0932e-05,-3.0932e-05,6254.3,6254.3,0,0,0,-0.10564,-0.10564,6251,6251,0.0005,0.0005,0.005,-0.022598,-0.022598,6252.4,6252.4,0.0025,0.0025,0.015,0.021883,0.021883,6256,6256,0.0011197,0.0011197,0.0060643,0.036712,0.036712,1.948,1.948,1
336,4790,0.0015,0.0015,0.01,-1.6228e-05,-1.6228e-05,6254.1,6254.1,0.003,0.003,0.02,0.10489,0.10489,6256.8,6256.8,0.0015,0.0015,0.01,-3.0932e-05,-3.0932e-05,6254.3,6254.3,0,0,0,-0.10564,-0.10564,6251,6251,0.0005,0.0005,0.005,-0.022598,-0.022598,6252.4,6252.4,0.0025,0.0025,0.015,0.021883,0.021883,6256,6256,0.0011197,0.0011197,0.0060643,0.036712,0.036712,1.948,1.948,1
336,4800,0.0015,0.0015,0.01,-1.6228e-05,-1.6228e-05,6254.1,6254.1,0.003,0.003,0.02,0.10489,0.10489,6256.8,6256.8,0.0015,0.0015,0.01,-3.0932e-05,-3.0932e-05,6254.3,6254.3,0,0,0,-0.10564,-0.10564,6251,6251,0.0005,0.0005,0.005,-0.022598,-0.022598,6252.4,6252.4,0.0025,0.0025,0.015,0.021883,0.021883,6256,6256,0.0011197,0.0011197,0.0060643,0.036712,0.036712,1.948,1.948,1
336,4810,0.0015,0.0015,0.01,-1.6228e-05,-1.6228e-05,6254.1,6254.1,0.003,0.003,0.02,0.10489,0.10489,6256.8,6256.8,0.0015,0.0015,0.01,-3.0932e-05,-3.0932e-05,6254.3,6254.3,0,0,0,-0.10564,-0.10564,6251,6251,0.0005,0.0005,0.005,-0.022598,-0.022598,6252.4,6252.4,0.0025,0.0025,0.015,0.021883,0.021883,6256,6256,0.0011197,0.0011197,0.0060643,0.036712,0.036712,1.948,1.948,1
336,4820,0.0015,0.0015,0.01,-1.6228e-05,-1.6228e-05,6254.1,6254.1,0.003,0.003,0.02,0.10489,0.10489,6256.8,6256.8,0.0015,0.0015,0.01,-3.0932e-05,-3.0932e-05,6254.3,6254.3,0,0,0,-0.10564,-0.10564,6251,6251,0.0005,0.0005,0.005,-0.022598,-0.022598,6252.4,6252.4,0.0025,0.0025,0.015,0.021883,0.021883,6256,6256,0.0011197,0.0011197,0.0060643,0.036712,0.036712,1.948,1.948,1
336,4830,0.0015,0.0015,0.01,-1.6228e-05,-1.6228e-05,6254.1,6254.1,0.003,0.003,0.02,0.10489,0.10489,6256.8,6256.8,0.0015,0.0015,0.01,-3.0932e-05,-3.0932e-05,6254.3,6254.3,0,0,0,-0.10564,-0.10564,6251,6251,0.0005,0.0005,0.005,-0.022598,-0.022598,6252.4,6252.4,0.0025,0.0025,0.015,0.021883,0.021883,6256,6256,0.0011197,0.0011197,0.0060643,0.036712,0.036712,1.948,1.948,1
336,4840,0.0015,0.0015,0.01,-1.6228e-05,-1.6228e-05,6254.1,6254.1,0.003,0.003,0.02,0.10489,0.10489,6256.8,6256.8,0.0015,0.0015,0.01,-3.0932e-05,-3.0932e-05,6254.3,6254.3,0,0,0,-0.10564,-0.10564,6251,6251,0.0005,0.0005,0.005,-0.022598,-0.022598,6252.4,6252.4,0.0025,0.0025,0.015,0.021883,0.021883,6256,6256,0.0011197,0.0011197,0.0060643,0.036712,0.036712,1.948,1.948,1
336,4850,0.0015,0.0015,0.01,-1.6228e-05,-1.6228e-05,6254.1,6254.1,0.003,0.003,0.02,0.10489,0.10489,6256.8,6256.8,0.0015,0.0015,0.01,-3.0932e-05,-3.0932e-05,6254.3,6254.3,0,0,0,-0.10564,-0.10564,6251,6251,0.0005,0.0005,0.005,-0.022598,-0.022598,6252.4,6252.4,0.0025,0.0025,0.015,0.021883,0.021883,6256,6256,0.0011197,0.0011197,0.0060643,0.036712,0.036712,1.948,1.948,1
336,4860,0.0015,0.0015,0.01,-1.6228e-05,-1.6228e-05,6254.1,6254.1,0.003,0.003,0.02,0.10489,0.10489,6256.8,6256.8,0.0015,0.0015,0.01,-3.0932e-05,-3.0932e-05,6254.3,6254.3,0,0,0,-0.10564,-0.10564,6251,6251,0.0005,0.0005,0.005,-0.022598,-0.022598,6252.4,6252.4,0.0025,0.0025,0.015,0.021883,0.021883,6256,6256,0.0011197,0.0011197,0.0060643,0.036712,0.036712,1.948,1.948,1
336,4870,0.0015,0.0015,0.01,-1.6228e-05,-1.6228e-05,6254.1,6254.1,0.003,0.003,0.02,0.10489,0.10489,6256.8,6256.8,0.0015,0.0015,0.01,-3.0932e-05,-3.0932e-05,6254.3,6254.3,0,0,0,-0.10564,-0.10564,6251,6251,0.0005,0.0005,0.005,-0.022598,-0.022598,6252.4,6252.4,0.0025,0.0025,0.015,0.021883,0.021883,6256,6256,0.0011197,0.0011197,0.0060643,0.036712,0.036712,1.948,1.948,1
336,4880,0.0015,0.0015,0.01,-1.6228e-05,-1.6228e-05,6254.1,6254.1,0.003,0.003,0.02,0.10489,0.10489,6256.8,6256.8,0.0015,0.0015,0.01,-3.0932e-05,-3.0932e-05,6254.3,6254.3,0,0,0,-0.10564,-0.10564,6251,6251,0.0005,0.0005,0.005,-0.022598,-0.022598,6252.4,6252.4,0.0025,0.0025,0.015,0.021883,0.021883,6256,6256,0.0011197,0.0011197,0.0060643,0.036712,0.036712,1.948,1.948,1
336,4890,0.0015,0.0015,0.01,-1.6228e-05,-1.6228e-05,6254.1,6254.1,0.003,0.003,0.02,0.10489,0.10489,6256.8,6256.8,0.0015,0.0015,0.01,-3.0932e-05,-3.0932e-05,6254.3,6254.3,0,0,0,-0.10564,-0.10564,6251,6251,0.0005,0.0005,0.005,-0.022598,-0.022598,6252.4,6252.4,0.0025,0.0025,0.015,0.021883,0.021883,6256,6256,0.0011197,0.0011197,0.0060643,0.036712,0.036712,1.948,1.948,1
336,4900,0.0015,0.0015,0.01,-1.6228e-05,-1.6228e-05,6254.1,6254.1,0.003,0.003,0.02,0.10489,0.10489,6256.8,6256.8,0.0015,0.0015,0.01,-3.0932e-05,-3.0932e-05,6254.3,6254.3,0,0,0,-0.10564,-0.10564,6251,6251,0.0005,0.0005,0.005,-0.022598,-0.022598,6252.4,6252.4,0.0025,0.0025,0.015,0.021883,0.021883,6256,6256,0.0011197,0.0011197,0.0060643,0.036712,0.036712,1.948,1.948,1
336,4910,0.0015,0.0015,0.01,-1.6228e-05,-1.6228e-05,6254.1,6254.1,0.003,0.003,0.02,0.10489,0.10489,6256.8,6256.8,0.0015,0.0015,0.01,-3.0932e-05,-3.0932e-05,6254.3,6254.3,0,0,0,-0.10564,-0.10564,6251,6251,0.0005,0.0005,0.005,-0.022598,-0.022598,6252.4,6252.4,0.0025,0.0025,0.015,0.021883,0.021883,6256,6256,0.0011197,0.0011197,0.0060643,0.036712,0.036712,1.948,1.948,1
336,4920,0.0015,0.0015,0.01,-1.6228e-05,-1.6228e-05,6254.1,6254.1,0.003,0.003,0.02,0.10489,0.10489,6256.8,6256.8,0.0015,0.0015,0.01,-3.0932e-05,-3.0932e-05,6254.3,6254.3,0,0,0,-0.10564,-0.10564,6251,6251,0.0005,0.0005,0.005,-0.022598,-0.022598,6252.4,6252.4,0.0025,0.0025,0.015,0.021883,0.021883,6256,6256,0.0011197,0.0011197,0.0060643,0.036712,0.036712,1.948,1.948,1
336,4930,0.0015,0.0015,0.01,-1.6228e-05,-1.6228e-05,6254.1,6254.1,0.003,0.003,0.02,0.10489,0.10489,6256.8,6256.8,0.0015,0.0015,0.01,-3.0932e-05,-3.0932e-05,6254.3,6254.3,0,0,0,-0.10564,-0.10564,6251,6251,0.0005,0.0005,0.005,-0.022598,-0.022598,6252.4,6252.4,0.0025,0.0025,0.015,0.021883,0.021883,6256,6256,0.0011197,0.0011197,0.0060643,0.036712,0.036712,1.948,1.948,1
336,4940,0.0015,0.0015,0.01,-1.6228e-05,-1.6228e-05,6254.1,6254.1,0.003,0.003,0.02,0.10489,0.10489,6256.8,6256.8,0.0015,0.0015,0.01,-3.0932e-05,-3.0932e-05,6254.3,6254.3,0,0,0,-0.10564,-0.10564,6251,6251,0.0005,0.0005,0.005,-0.022598,-0.022598,6252.4,6252.4,0.0025,0.0025,0.015,0.021883,0.021883,6256,6256,0.0011197,0.0011197,0.0060643,0.036712,0.036712,1.948,1.948,1
336,4950,0.0015,0.0015,0.01,-1.6228e-05,-1.6228e-05,6254.1,6254.1,0.003,0.003,0.02,0.10489,0.10489,6256.8,6256.8,0.0015,0.0015,0.01,-3.0932e-05,-3.0932e-05,6254.3,6254.3,0,0,0,-0.10564,-0.10564,6251,6251,0.0005,0.0005,0.005,-0.022598,-0.022598,6252.4,6252.4,0.0025,0.0025,0.015,0.021883,0.021883,6256,6256,0.0011197,0.0011197,0.0060643,0.036712,0.036712,1.948,1.948,1
336,4960,0.0015,0.0015,0.01,-1.6228e-05,-1.6228e-05,6254.1,6254.1,0.003,0.003,0.02,0.10489,0.10489,6256.8,6256.8,0.0015,0.0015,0.01,-3.0932e-05,-3.0932e-05,6254.3,6254.3,0,0,0,-0.10564,-0.10564,6251,6251,0.0005,0.0005,0.005,-0.022598,-0.022598,6252.4,6252.4,0.0025,0.0025,0.015,0.021883,0.021883,6256,6256,0.0011197,0.0011197,0.0060643,0.036712,0.036712,1.948,1.948,1
336,4970,0.0015,0.0015,0.01,-1.6228e-05,-1.6228e-05,6254.1,6254.1,0.003,0.003,0.02,0.10489,0.10489,6256.8,6256.8,0.0015,0.0015,0.01,-3.0932e-05,-3.0932e-05,6254.3,6254.3,0,0,0,-0.10564,-0.10564,6251,6251,0.0005,0.0005,0.005,-0.022598,-0.022598,6252.4,6252.4,0.0025,0.0025,0.015,0.021883,0.021883,6256,6256,0.0011197,0.0011197,0.0060643,0.036712,0.036712,1.948,1.948,1
336,4980,0.0015,0.0015,0.01,-1.6228e-05,-1.6228e-05,6254.1,6254.1,0.003,0.003,0.02,0.10489,0.10489,6256.8,6256.8,0.0015,0.0015,0.01,-3.0932e-05,-3.0932e-05,6254.3,6254.3,0,0,0,-0.10564,-0.10564,6251,6251,0.0005,0.0005,0.005,-0.022598,-0.022598,6252.4,6252.4,0.0025,0.0025,0.015,0.021883,0.021883,6256,6256,0.0011197,0.0011197,0.0060643,0.036712,0.036712,1.948,1.948,1
336,4990,0.0015,0.0015,0.01,-1.6228e-05,-1.6228e-05,6254.1,6254.1,0.003,0.003,0.02,0.10489,0.10489,6256.8,6256.8,0.0015,0.0015,0.01,-3.0932e-05,-3.0932e-05,6254.3,6254.3,0,0,0,-0.10564,-0.10564,6251,6251,0.0005,0.0005,0.005,-0.022598,-0.022598,6252.4,6252.4,0.0025,0.0025,0.015,0.021883,0.021883,6256,6256,0.0011197,0.0011197,0.0060643,0.036712,0.036712,1.948,1.948,1
336,5000,0.0015,0.0015,0.01,-1.6228e-05,-1.6228e-05,6254.1,6254.1,0.003,0.003,0.02,0.10489,0.10489,6256.8,6256.8,0.0015,0.0015,0.01,-3.0932e-05,-3.0932e-05,6254.3,6254.3,0,0,0,-0.10564,-0.10564,6251,6251,0.0005,0.0005,0.005,-0.022598,-0.022598,6252.4,6252.4,0.0025,0.0025,0.015,0.021883,0.021883,6256,6256,0.0011197,0.0011197,0.0060643,0.036712,0.036712,1.948,1.948,1
